0.7647102315805957
0.39439605479312934
0.9666228195366947
0.04617310462447606
1.9682196564592658
-0.16272390865681313
-0.41924372492825307
0.33962355389152515
2.2230990290183916
-0.334174496340643
0.06181754928171848
0.8801068854175763
1.3491666518690604
0.13889926169170003
1.7791546286498086
1.030028077349301
-0.3623913117265347
1.30637806973982
1.005423479352109
0.8042403578318971
1.8885658312937226
3.261951494020718
0.5906811560171218
-1.4857207595645097
-1.8110203072204023
-1.6670716139077186
-1.7428490381695474
1.1871103349384058
1.3517250416951885
1.4436780199581356
-1.3561920584115041
0.7700869108314701
0.7519555699763995
-2.7555462649922067
-2.920586365798442
0.45369105051602654
0.986994167437317
2.7237923119776464
1.5825414074526136
0.46088904328772645
-0.8978232598225714
1.7146494887517714
0.5895322200494048
3.347916310611378
1.3066332091839186
1.9076515762819524
-2.9259227745408505
1.966787068315097
1.4687604676671262
1.733970870144604
1.099229426105866
0.30382656183479545
-0.3458550723838913
1.3702018763430568
1.653722887227252
1.555454994284007
0.039553463652068674
0.9199004976964271
2.383468771127902
0.5444346951034854
-0.826131884607723
-1.2169604294764058
1.4920401277417887
1.6802309543317109
2.3036185521674364
0.005507695152088518
-0.42558356664270625
1.5754967486463827
-0.7747028961795267
3.5289330211051033
2.370081904517422
2.9813397369055354
-1.2408583578328447
3.006508502542911
0.9234987139648141
0.4331162895961989
0.1883552541088932
-0.25911329973033864
-0.8341101539350514
0.515551319618742
2.130966279234221
1.5507152353802038
0.3865122925139557
0.918626616558271
-1.134120367842318
-0.9703092665969512
-0.05318769021669329
-1.0776844501937202
2.2378497746408264
2.2538638203971364
1.2424892363300357
0.5046068276929081
-0.31334939872496714
1.800495149874338
-0.11130551862915766
2.3096232521796094
2.135263131491813
2.9904754452272204
-1.7894128537574636
2.8301750563180215
0.5438366645332022
-0.5804777801608811
0.525320094088713
-0.26048178509380693
-1.4834890011365216
0.37099404435548755
1.574475817171833
1.2756102645511938
-0.4050047867974014
-0.020499964335151964
-1.4490260285989844
-1.6605368602574737
-1.4319626433495356
-1.0310063881012506
1.3541623717975095
1.465052047484619
1.5369853758732204
-0.5836366731357142
-0.8513308321103357
1.5228978516363092
-0.620253456657322
2.1422571885373243
2.057515107213691
2.747176390290264
-2.5785169925161964
1.5454605218779227
-0.19069008706070786
-0.42303282866813663
0.6344022934398074
-0.43729427450636077
-0.8123449727222937
0.3847012822022865
1.857531455142573
1.6766474724206606
-0.2987728891197954
0.8845212767881798
0.14804406170044893
-1.8452145613052935
-1.4205736518331942
0.19964085870544254
0.2944651486343605
2.6543334603979405
1.699418077764057
-0.7139554362296754
-0.9563508615574811
1.0410142818794184
0.3707438449607127
3.1324813374564426
2.848635962679667
3.3705054128850427
-2.1848704884965264
0.478641308515015
0.18698405551300548
0.1090974647660461
1.0182206725105933
-0.19084144741170092
-0.37926910210203696
0.333349779470411
2.0836875385353912
2.0867720052939163
0.707820729420648
1.0048919083797299
0.2898726568108522
-1.5169179969844475
-0.46326239000307046
0.3164515424416931
0.4179415668303344
2.375859536736927
2.6326431116383966
-0.1410605602261427
-0.3965355863004305
1.763465180803794
0.9249215219054591
2.3161261014970465
3.6940790480995256
3.403591733137281
-1.355477884701867
0.6643891279170206
0.8359969154961532
0.2345389867883686
1.7590181355281136
0.820970039121643
0.005150639233103341
0.31294567588460376
0.9635827967428304
1.6332075006169267
1.0324670222392667
0.9991380560447922
-0.2087179203545462
-0.9933067516399698
-0.3635566581122507
0.3353187952253261
0.25861702514984625
2.269062288110696
0.9052852773200519
-0.2671115766064733
-0.14305173088529488
1.191257560628827
0.449477355874992
1.734747790224847
2.4878840323017424
2.8021216741069925
-0.473556932600095
0.8248269057641339
0.9190013058952086
0.9152215314240375
0.8251074285002642
0.3435306972729983
0.028651785032549736
0.7006601732447202
0.8805758398871667
1.1160300136914112
0.7316774275965592
0.630826879151135
-0.2876982756510213
-0.5347167042727906
-0.1047914230329418
0.28637334763377875
0.04515273533401019
2.082572564653243
0.5163041995981326
-0.23903830196228193
-0.2816650239741462
0.11205189938907911
0.15552940558428222
1.265858979549979
1.754962062906233
1.5188309294351572
-0.4541259983503115
0.31143158639274093
0.3341778971859165
0.2119659052732124
1.1078424459997605
-0.0409616470246301
-0.4234134612788314
0.14693376048957363
0.45960469190622283
0.9071665379678869
0.46712185992593674
0.3599603148445742
0.03283199186389837
-0.27072583912956044
-0.043717495661094834
0.18258215363802732
0.31588469136990116
0.7238258113087487
0.6614747224851052
-0.6896480123618466
0.6479473407045809
0.031537549082525644
0.9178284167830374
0.7327611008859792
1.5071525269441222
1.0594504678841847
-0.8809535133996979
0.6538627610086204
0.5622087844313536
0.9867834368456648
0.759599526830313
0.025570260668434368
-0.05399569947754194
0.7509492706147153
0.32941106517707497
0.21856566815260994
0.6195046727746155
0.5305848018527749
0.4046583507814554
0.4359917161990254
0.07965230744833501
0.7192852047101955
0.296468819082616
0.90092340806342
0.07197063213106349
-0.4215351516562936
1.0028595347449023
0.5794963337465079
0.8898177720908874
0.7691217153816108
1.1152311531331014
0.6317465639936741
-0.7607892211230052
0.6036428142950004
0.7395829385501258
0.88477633277925
0.7834614959289602
0.7919848203875953
-0.24983873847872962
0.38990684928854424
0.7271363997964655
0.7051349827246084
0.2850279439385888
0.47802012458901916
-0.00884890051072506
0.19559492746789145
0.36562484702683107
0.37374777721146146
0.5451873531068873
0.6858033009760505
0.28477762969645515
-0.10709377728499278
0.21422335408559978
0.30131877687743464
0.08343247442864876
0.44076175332206374
0.7793990651372252
0.1734211400135759
0.39440536225141826
0.8072600445923742
0.4934441817023893
0.4205713545779728
1.1421840648274773
0.8695640314981455
0.6412748486386693
0.17717774292915392
0.37318473029496313
0.6866969040186682
0.9446482536606047
0.35416588832852913
0.14579538753660562
0.26329351325881606
0.6860241430088749
0.5335082092270136
0.13158133417686868
0.118384034292934
0.22209716970961105
-0.2372106257245233
0.8797526770274735
0.7815972624164452
0.4651127105890419
0.9458281371592464
0.48656125917624476
0.9430609633249073
0.738927559350533
0.15133739075161332
0.14899749396994477
0.9251741322358943
0.12009047900463093
0.5703004828450996
0.9182361314312069
0.6905106027342801
0.005264360778595759
0.591412822098662
0.1469278156326572
0.33077749565522063
0.3649590455452315
0.700682372214893
-0.13926667665595144
0.14828223047075229
0.7475116975715543
0.8838236902864525
0.977132483143014
0.03408449590648656
0.004101741503329152
0.8345468516482442
0.7091296136876335
0.3463255983714544
0.2112297051268381
0.07039036597956813
0.4683648286199772
0.3207835286689322
0.7493040399632919
0.7302902054172197
0.06940655245566121
0.6331394614699964
0.7093135874817454
0.3442551127727461
0.6319360316973316
0.47900716685289496
0.6119419657408747
0.5834017634912092
0.8811997571934659
0.3303085959739003
-0.012131668757855282
0.44200884829156284
0.49672341194716607
0.01739947688118539
0.5816492843546404
0.5896894222203234
0.09531733196301312
0.21553310039818163
0.23246037038643874
0.1252072401382336
0.6877623928307101
0.2944196920398231
0.25450231159843617
0.8589564061724763
0.8404648595521083
0.24381294770512763
0.8577963219991642
0.006706675802520046
0.5549519331159483
0.7558757721799487
0.22739955146480173
0.5658296267684356
0.2832682956534055
0.3523207881909839
0.3196077990829951
0.48068149977285557
0.49762975229635986
0.30230303811991854
0.14795216738394779
0.4751406847671296
0.10063201141253297
0.9696005009642763
0.6640426884943307
0.7325893626361961
0.2917700683499078
0.16602478243674687
0.737409399350731
0.9443576578170148
0.5017662011918237
0.30334881887393583
0.9900428418899272
0.7902574544057793
0.9512836889278815
0.4372930653447338
0.5903957385311811
0.14665790534658296
0.8983006797226203
0.11340042118024518
0.3553897721816215
0.0070116198293450616
0.740475799552402
0.7378082225756084
0.31883724293587445
0.5565067960560396
0.23415073228375638
0.7204678581651338
0.4155358200645235
0.49337283849527386
0.8727364635793934
0.40325678745634863
0.7817972892019075
0.29912398180924527
0.7562151167195487
0.9159576983309515
0.018944110219277777
0.23837829793210008
0.8918326767097573
0.7549436573795477
0.7319501336418285
0.8684334742164137
0.9566009826205761
0.7973728389112384
0.8577850343849871
0.4790547983352552
0.5733780357323597
0.6177133255529025
0.5821546911954716
0.27419103987473903
0.9336495232198783
0.35806444235636836
0.6278878802231741
0.44503920194784463
0.7046457698494942
0.028721154755790845
0.1673235345473737
0.8509711458452361
0.5122661024267591
0.23289798682950735
0.8447554239678595
0.9413256796044785
0.32278568697782395
0.45615524993726364
0.7977290474043838
0.11383982198811837
0.8941178441298636
0.35881799684839344
0.03016687694160136
0.18043384326388945
0.7392042578892456
0.7013601977295564
0.32406299292226504
0.6398228504829656
0.10587421479113668
0.523043288363351
0.943615227555409
0.4782995038469873
0.08573696709696133
0.35087570094087217
0.6660980282961675
0.24601989912607025
0.9783850928222432
0.2215395299803702
0.7560310135807455
0.7283530886192415
0.9518497693715066
0.3476867370145664
0.01632719301907426
0.3045643398973594
0.5082555807285936
0.5041843394993644
0.05980683676999643
0.4959627925008664
0.24636310492923863
0.5866701510558676
0.9138033037380711
0.11455865373847696
0.9277000026402407
0.28478676414577586
0.5980260413284609
0.038362403601629125
0.6350469368835497
0.0077405839874141735
0.9754802446593754
0.5169625944690179
0.9401942099352976
0.030939122816920572
0.988298679578295
0.8928063101968136
0.4120989725722124
0.9029955166969384
0.2992589132844483
0.7580985214592922
0.8797491576871644
0.6717246342379394
0.8753028259781865
0.85996112030929
0.0017694242296769636
0.1580613173092249
0.06675457866855088
0.49152496256545714
-0.10518357878876186
0.8811786609701039
-1.1123146141205769
1.0866069504572633
1.2575467393013782
0.5029435775114867
-1.3486331856974945
1.2317031675752048
0.8071359747522147
0.009396898792207743
-0.4749627497348741
0.7484254338033783
-0.9529510001737657
-0.14201613072877378
1.2689227120048345
-0.46082478000425586
-0.11711193656288964
0.029027433637217447
-0.9310288969479256
-2.3360666537220216
0.30753508611304553
2.3909989501585454
2.7003669171772797
2.566903273232831
2.56720868831921
0.005600799797268
-0.4530986253682709
-0.5819446632770103
2.1880607288493024
0.26194724991118806
-0.03924675212836215
3.5464593298244877
3.783736301266016
0.5676848471785054
0.06697439250045753
-1.876053672908978
-0.4207095785184897
0.21246085737256903
1.6954385244766028
-0.7432791688784891
-0.0163377055452627
-2.563334376558584
-0.10098506466607982
-1.1336807922760004
3.7802358065988897
-0.5505469693986604
-0.3835983437028017
-0.8918643281561885
-0.4846778575115477
0.3513234199747511
0.694940650997101
-0.9513471274107947
-1.2316178798384272
-1.1610211919032334
0.2771509414651114
-0.500184417749587
-1.9153101951804006
-0.07254882433756012
1.1592682468879374
1.8224197879991744
-0.9719637831123386
-1.2936865035328071
-1.8400245258162433
0.3887821328080203
0.7415340967434466
-1.140308065571997
1.3673440346390258
-3.0862653904015005
-1.9557685408810535
-2.6033032326001173
1.6151121413707912
-2.387322526547275
-0.45529750127671503
0.021942240133175007
0.20999479522530817
0.7887913925600594
0.7449653061144398
-0.42549246151087833
-2.049006509720487
-1.5244532742892398
-0.4905951894673301
-0.8682448436741395
1.0736256076231827
0.936239248823597
-0.0782120996136649
1.4205042973170916
-2.1328259732533947
-2.238334090645561
-1.1910414804540632
-0.5626534062161084
0.2537529827914494
-1.7564257280381932
0.4620060619198492
-2.2777670942885404
-2.1016259381332376
-2.9424886690037377
1.6732748042326042
-2.527918093380362
-0.3895587331627714
0.8529180197396589
-0.46220648121756785
0.5174492116785012
1.445530288466208
-0.2963745764059591
-1.4817779161536448
-1.1980526076774611
0.35089048213895657
0.03355880082075793
1.4537505101734296
1.6175483904851222
1.3368018247286741
1.4534775595882645
-1.1910232984487026
-1.3775194634455807
-1.4511341345116526
0.572858649858497
0.7308767044437207
-1.3882994901625614
1.1706057039067286
-2.181083593010531
-2.000966094104185
-2.7249435913209448
2.5186890503710946
-1.067854831285307
0.29528126617662886
0.7506761956255141
-0.5912590297311203
0.9218155624474306
0.7610951478892662
-0.12263530826335257
-1.6656415005395366
-1.650369640515905
0.19933942189815748
-0.7718055347680778
-0.16595239414131535
1.7801339010206036
1.3361110867346826
0.5958562033072754
0.08035877279627658
-2.594375350832786
-1.572604692404291
0.7365690317288709
0.8733516802253608
-0.8671281847147722
0.37078805450052527
-3.1320220665341427
-2.782294169535855
-3.3600221580797074
2.102604023727922
0.006643924196730854
0.4848147998046069
0.38936192869322994
-1.0762868205648446
0.3070314723169162
0.3117028492526016
0.1696534855419943
-1.9752236684316276
-1.9918442853923426
-0.8579861901801892
-0.4549617102475287
-0.3284554348111125
1.5747141277049832
0.41459126030874044
0.3655769586782405
0.03075846811936421
-2.313453663319841
-2.272484897282473
0.2108659274147567
0.3139405731750384
-1.666068139407379
0.2071843443859525
-2.2312388034561397
-3.481097042716922
-3.252692043705772
1.270707712621202
-0.3272518919451619
0.17431522158683782
0.34930516719455773
-1.6390022530908672
-0.23514312848238728
-0.2878883636529578
0.1417345509996392
-0.8421875475555894
-1.478148435357005
-1.2673455988056024
-0.4405966512140647
0.08117584940467684
0.7114143152346318
0.09205901582092257
0.3749771518374033
0.2657524868646776
-2.285514800201213
-0.6372309017650947
0.23362736230232878
-0.04721109493059132
-0.591924936889112
0.4563926407697363
-1.862358866013428
-2.4265432082756107
-2.944006484214007
0.5508768889533777
0.3799294521480152
-0.11882578303390125
0.33949308972305303
-0.7768577392482683
0.1567528090351873
-0.009633346728937271
0.024946021539833427
-0.4042535830421238
-0.8722002604331095
-0.9393714283594197
0.9097285356896123
0.3627437030674393
0.6806098268584999
-0.20123388409474954
0.5505286247808163
0.800582700965037
-2.033552323966943
-0.13724581355605658
0.29234381883255095
0.08009098178387754
0.2513097950487454
1.0192636016141567
-1.3959989570758782
-1.9094888768706686
-1.7236197025779871
0.5586095465307591
0.6914933514480925
0.6115464779077158
0.5900776757483285
-0.6375428195958893
0.7134524114212855
-0.2483961299081971
0.033717492412769105
-0.38622724046987034
-0.5664691976127337
-0.7262955619316301
0.3263347730795713
-0.0024064548448354452
0.7112911856438344
-0.3982754881944203
0.28515463448013845
0.10717640082805888
-0.924001488970433
0.1171208058317933
0.7535210575634295
-0.7067202795977812
-0.0310181836376506
0.5989468527492648
0.03714079932647657
-1.3912171037852983
-1.133043371682068
0.8482624597885549
0.6107235266096896
0.5560653690906133
0.8553205238478928
-0.5864299143007071
0.11048866217422972
0.29315901098756747
0.6674952909847012
-0.2481211942348051
0.22249938739502553
-0.5480180768016152
0.5836096850371253
-0.06958056401210638
0.7779520510207127
-0.5336451855370664
0.4415150990666702
0.1734646397592875
-0.7383017570670818
0.25733543934187086
0.29990808721785656
-0.8513420309041261
0.5456292736894077
0.8439124849395815
0.2822196228592985
-0.9874483046071976
-0.3808982900770174
0.8944890424995469
0.5477633377214166
0.6968739361446744
0.8938065946274553
-0.4333172433942461
0.950849906423153
0.7362669417054395
0.2086287295334291
0.13859174314739342
-0.4742361247918978
-0.20716740887538235
0.6648688902348628
0.38066130219659594
0.13447376111940917
-0.33549089194438014
0.522689082485956
0.05319821342555984
-0.2367680111646424
0.03346553937100782
0.032160345216754475
0.3286560575866213
-0.11685070093612861
0.19934855979110544
0.26128092061102
-0.351926973435557
-0.23068764610013015
0.058780687990976035
0.16006125681060124
0.8618224712984511
0.6173734293795377
-0.041137709103557116
0.8265229234013038
0.7098231935765849
0.6540003305421875
0.10819625604778278
0.6933984574082667
0.025001437975458667
0.1797481923891313
0.6662992925457434
0.24460704773575012
-0.00906387436080278
0.9590948071656585
0.06658004134410556
0.15718753498658455
0.6412275719815304
-0.09897053737659958
0.09864701402756924
0.39759845170861735
0.7989404598869211
-0.20792767240671584
-0.33388818111315605
0.18352662262505312
0.8389849384022776
0.07736601006546372
0.23736288004502537
0.3586295026804709
0.1799226499387924
0.6209431894130375
0.783961265403952
0.5035613406330417
0.3385082228016097
0.16774582205289912
0.3144600973561266
0.20177830152218446
0.37394326715289566
0.7414038657348055
0.021618097555800374
0.7768116192885
0.4974730779588671
0.3765781451889041
0.43120118903028315
-0.3002283693313397
0.09446075956627836
0.007590699264280576
0.6913607145924097
0.3002700187199158
-0.042659814562068285
0.6186570006757548
0.7740071678699775
0.23808682243306134
0.4168193094929279
0.5429159175322128
0.06314452952384579
0.3017338177206713
0.20702215190973283
0.5704422531487194
0.36199032109491563
0.8369008519481281
-0.011772261484198299
0.5462337283223445
0.2581032416223598
0.9100749319629672
0.10046014126462252
0.08319773091242644
0.31795329426211416
0.43712200782866334
0.9758888475745849
0.5370933280498891
0.00874575378267726
0.8227064068350213
0.011590475149081736
0.755669245828229
0.31138660763209786
0.20035206255716412
0.1754030054350082
0.28495859538979795
0.6163627526243243
0.15304978039485484
-0.02698973367094636
0.4491339505733599
0.2867843817713894
0.6298777183954174
0.7878679663567338
0.251857394377761
0.6073456113476862
0.18719631794551905
0.2550881756929237
0.7653504074862564
0.7927677273775642
0.5527192442413092
0.9921290903965541
0.46402749132014715
0.3684263362303235
0.004116681321234863
0.061594681920757746
0.7954112664501904
0.4955697277828158
0.39453898097816975
0.19631685171505475
0.40549014342637735
0.5661032848753895
0.11810939028549483
0.5942474110096698
0.6307349417510437
0.7416077071383299
0.3553430398888022
0.3642168010452502
0.09229367212125994
0.8364479129519526
0.9602425338870588
0.5095167430672973
0.5010880202679093
0.3592976557233264
0.586264868191214
0.4041095809056622
0.04941812558965075
0.8004540429982367
0.6736497976253439
0.15022254739572927
0.8184093792908697
0.9997672755203172
0.3192598973502631
0.07822950687729757
0.24066952855458623
0.02445365428419386
0.40032548843594873
0.6147638106406026
0.5258286881765091
0.5832993795645607
0.09521972076103069
0.10761150962463364
0.5279694993635707
0.9696115443337416
0.47702291235750005
0.5498873295498111
0.6477028486835923
0.9708246392535762
0.3235094611563507
0.11581843579888684
0.3855878670697973
0.7709814039242915
0.365463833175677
0.8004122756433453
0.7424127984321583
0.9574776487868873
0.7025131394993138
0.9678536532084948
0.8398833743748556
0.5195719386559354
0.5554349642307517
0.5946346798222371
0.7747688945649817
0.5882511295468743
0.13021671980253313
0.9184392602292782
0.040115061747605596
0.9747962671348541
0.0430746469911264
0.877490836812037
0.38450435311298947
0.3673430975390227
0.6081035152271326
0.4306932780061551
0.7426563553760341
0.9367547900787009
0.23537210324486724
0.5224516136569881
0.14938121343902
0.12258782213542507
0.6180802469611125
0.6811931547906218
0.3716091842405205
0.2819762541577906
0.03459423783339277
0.3328014142989886
0.8872609597504438
0.12771402730017378
0.6461377413604237
0.9858602189811346
0.05143022112724649
0.8621786249275568
0.8966377339179923
0.3461479501478373
0.1119417974264495
0.03553198891700715
0.5889455564551025
0.21446117274550547
0.8033343397199646
0.6016794005580799
0.7899574416244465
0.6752038633731517
0.05112639078825443
0.6553928998327031
0.5331381590810172
0.12222149647981428
0.20693209474284524
0.22724865726580534
0.07752562678052444
0.4759156796024411
0.4158868234100829
0.5177905449706878
0.6403830024125727
0.7562867578423695
0.31660736043083815
0.8006027366983507
0.7933961988826224
0.7132044144228266
0.3722547513991339
0.5389993377860502
0.9762149378175087
1.915682900687457
-3.997320020512948
