2.0276552514200437
0.9287131170357403
1.408260861686061
0.3741617025123084
2.519670020072797
0.2022676003469843
-0.054526282735174014
0.5802293000912547
1.85367636020221
-0.8950406742801422
-0.48948332055176336
0.7977717337628865
1.0013576253512015
-0.18418548073504515
1.7735455955690147
1.5266810625470737
-1.2686582770016588
1.1471560679815165
1.902991710024103
1.1747498896088997
0.8799943688185273
0.6675862571363933
0.09452304469469766
-3.440547061581222
-2.2290610265131137
-2.1677622967420134
1.7682911460306596
0.19897163092316505
1.021074699644372
0.4912002426498492
2.3220033584283395
-0.496766521889371
-0.4562551266163968
-0.04963440706289576
1.4320871488654159
-2.3021069126552356
-1.2480864094599142
2.7027569754985237
0.5200905940626708
1.7072546689639778
3.093276437183695
0.7691284931963811
-0.8069126805184029
3.108503610350263
0.47300022995754315
1.2849252408513359
1.4515976133925625
0.002484850360916408
0.36149185298735476
-0.5954804700831157
0.9976111925757003
-2.768579912221579
1.0897680867191941
0.6246549647393045
1.4992867941185732
1.110153334143981
1.996672941099638
0.05491971362920809
1.0593167215725054
-0.7404534875803345
0.9295347131345921
-1.4507543488929473
-0.3174321050109899
1.8329669181444255
1.660568864456993
0.6672647351338189
1.0227108162979799
1.15410903345626
-1.6281355716942367
2.747955852613067
2.1540159390526292
1.8246464163243028
0.49310326682090966
0.6123416393949205
-0.39410678700431984
-0.5287655853352764
0.5560027735179851
-1.6932703443847619
0.8563565186010503
-0.3559377221053484
0.9119389549611417
0.5737689894439741
1.849923839786139
0.051062395923526106
-0.2473528383193868
0.025890109767762133
0.689351309798828
-3.077198167300399
0.2795391693706701
1.2657008259350595
0.5886028141156491
0.023457515464642757
0.47198727165036136
0.6131608172358961
-1.7302495579866126
2.0035685433583112
1.2457967732440243
1.907389701761321
0.005623533414890122
-0.5390445156289208
-0.2732294676381268
-2.3152948995756413
-0.49740922241544
-1.575148618536253
-0.5120632030654118
-0.982133948898722
0.26919671225980146
0.3354705984580287
1.4736354110764158
-0.8998780478301697
-1.3604940368352014
-0.7651192839871291
0.4246582223211121
-3.802129714800066
-0.3644644724984355
0.55526141903202
0.005919544571218464
0.06950029351242425
0.6223371711624642
0.2894748053945235
-3.015655419946095
1.4529238769212325
1.3160684351558896
1.1645815799748283
-1.0085965196996802
-1.0030945447945152
-1.2428095093602949
-2.805483906431399
-0.016086976505110675
-2.0807188678024464
-0.45569911267590846
-2.1573070165642627
0.07774674655237994
0.1493598666404083
1.0502603123179801
-1.0757458208542823
-0.9187777548430841
-1.6899850469120878
0.2293245198952272
-3.003090624832989
-2.0653992255377984
1.059346272624202
-0.06927441531417126
-0.11453049262821079
-0.5578582639985071
-1.449410879694663
-2.5751940362882606
1.4886591449960225
1.2226684851284766
1.4237456413307135
-1.8843263000055532
-1.4349999278542436
-1.557139607082135
-2.1804713858192253
0.30872036187418633
-1.6842047400276194
0.39749571360216046
-1.90825161323278
0.30914298702305676
0.9805021897960576
1.1957796042648952
-1.232477958572874
0.14966816765843
-1.3330860005266252
0.5610500698204658
-2.048480533216149
-1.7197127360628859
1.2436068994756566
-0.018409269269916775
0.010743240966624972
0.4251216216643727
-0.5108884691176674
-2.584279481872376
1.2500525900826867
1.4983405731565336
1.809787353140431
-0.6817121355519291
-2.280654957731378
-1.5820352618053934
-1.4672566442543438
0.07999186490854736
-1.2622476864295489
0.6561530959715963
-1.627082907442306
-0.33843066092026775
0.5399347848793791
1.8521051853509614
-1.1972178086066225
0.18270279273575737
-1.2118480776199614
0.9539314901606764
-2.4403095697269976
-0.8677730866105372
1.6730843882047146
-0.7200716416686908
0.17194840383026952
0.34739266840751654
-0.4747298525225829
-2.2564013839344863
0.87243484891464
1.0442398604566512
1.698558366733437
-0.4810816407176664
-1.4949537437123757
-1.9870123086354268
-2.439169605897132
0.28399476386992806
-1.3285001211093104
0.268432281715602
-0.8565977878850312
-0.31062966315984814
0.055680322313793405
1.5835313313274166
-2.8074461546960596
-0.31488666555442724
-1.1783534721213622
1.1287849171992124
-1.9933015221684878
-1.233362221647195
1.2718436278986827
-0.9940905756945939
0.13244911339209542
-0.38445638597193793
-0.5841086012200761
-2.8514966695425574
-0.032742550221223354
1.24629937510377
0.9010489501016775
-0.531610021575909
-1.8270117201832885
-1.7538412945359887
-2.1736174312093777
-0.41733743876498364
-2.1968436963546902
-0.2420032575755747
-1.2275114089718326
-1.095405656922731
-0.4484846019250653
1.232943869786544
-1.7685497560870869
-0.4048765359853571
-0.7904492659573096
0.6005324496633339
-1.5276026759451231
-1.29107801988395
0.07802749354627606
-1.1064212638105293
0.22735311683680928
-0.48306290907659866
-2.1810489994430755
-1.5697441806246841
-0.7065430932504244
0.5054727001147611
0.5426062420905254
-0.8647048242673707
-2.056998197895557
-1.700070210732204
-2.239635772140781
0.0517185852485023
-1.6090010310595855
-0.5476942304037489
-1.6237767294372272
-0.5353354742876179
-0.32619428030965913
0.39701168827351374
-1.6437830176313424
-0.682607878787026
-1.237869687253207
0.5609219697645562
-1.6776113331787654
-1.4747349063657214
-0.08593537374641996
-0.9863104751376038
0.2756850885559347
-0.23234411634216623
-1.0089780557413708
-1.878976430305896
-0.21110985267716642
0.5315530809456928
0.16119412854758064
-1.228878188141805
-1.3522815634619558
-1.6733596582036552
-1.076327690816577
-0.17498353065554634
-1.1250420446456704
-0.3378395287842163
-1.2857165881249637
-0.32822987893294925
-0.8333052926388418
0.5507859907120901
-1.3406239362320078
-0.5132422157896545
-1.065144350272073
0.5126168430797369
-1.1951672592750588
-1.232006001735008
-0.0818072049352702
-1.350914137577856
0.02868979337624349
-0.29793052325212616
-0.6813042681787916
-0.9637961970086435
-0.5525246552150909
0.6862282961742914
-0.436165841471731
-1.193854486627763
-1.5938962537681844
-1.0462948142442896
-1.3743094823334954
-0.19103451146128894
-1.585566500756688
-0.6576548165647867
-0.6736660039578167
-0.569056622553135
-0.920311369704923
-0.13805008592329232
-0.47134469454461386
-0.1852313322554776
-0.5386203321125086
-0.2628491227157329
-0.8727799992980158
-0.8695817198380226
0.16646887557679704
-1.5898180605884007
-0.17582012204558722
0.05141722018347485
-0.5975968742020913
-0.3681453563277173
0.12683328900876853
-0.14953353535781022
-0.47722207609904765
-1.2340819194748727
-0.8845778084273479
-1.7085484950271514
-0.2382280269619072
0.012313464733044338
-0.947075588451275
-0.4121787774955965
-0.32831729923712116
0.08844833518083463
-0.5629719859923104
0.059729394463584516
-0.5675678380583038
-0.24247858731767816
-0.0530690103357297
0.17451777130087312
-0.08561999818708137
-0.6194243563135605
0.0605378850970418
0.00812429657706782
-0.12386427327973931
-0.005260281328300113
-0.6000395582755268
-0.47827686096349775
0.22613349165241273
0.27331959325131655
-0.355485560897448
-0.17574941072163897
-0.3702549188054249
-0.6529480397093912
0.13963370438952064
-0.41254566767764955
-0.2636171202782403
-0.04070848071810744
-0.34247298867279763
-0.09378430407978142
-0.19137718901449066
0.07850616360409951
0.1236597102429187
0.19255083700475364
0.3631336747471554
0.13433094093153983
0.1731310909436737
-0.33720669417182886
0.19289995964815304
0.4975840480903642
0.49577616626205495
-0.37542629727461335
-0.08735859271339165
-0.32573295494527515
0.16299574964463698
0.0035039264963996793
-0.09489989360165915
0.30807154166527245
-0.16805989813790606
0.03576560761797493
0.3762234513133083
0.6185624289923473
-0.08776364872718893
0.12599062993516286
0.1608865547629712
0.9556221719429556
0.3019005277053134
0.11090375410857735
0.8740074106856169
0.12806812844940682
0.11870539970397165
0.6477392838928783
0.35146497032552726
0.33158412979581753
0.36972506339487893
0.6018726875810375
0.5591336351658495
0.40666484383955936
0.7283496158687245
0.09592916511422134
0.3984458485905892
0.3000144079792299
0.7143519926679367
0.3604431836715116
0.5427685692361778
0.14806843302232275
0.2762808050496983
0.9917484392406167
0.5001622480543044
0.5923898172530242
0.5463888898092903
0.05053171215997243
0.8235603424015276
0.6522178963601045
0.6727505714623379
0.9007607112085393
0.21183930576634602
0.6190256622859851
0.36301489291626177
0.47276508739001444
0.30512428041004924
0.16716757257066173
0.4137130300839591
0.30219568081690185
0.6155262006981757
0.19846325550398924
0.7169951873391165
0.29205218909583913
0.07542193536511188
0.5891363324591454
0.4787223366057919
0.19082696256955067
0.9842258209456404
0.819072722071371
0.25526830092386854
0.6328363305848742
0.9669985655521887
0.5917564440894006
0.39928443703563843
0.8020102812515556
0.7351722220447743
0.4288450596084312
0.7386598631923047
0.402880056286395
0.45244981629428305
0.14134196464504656
0.6552518368525173
0.0409648950792294
0.7897564859939593
0.7188587315557844
0.2380943851463697
0.13110905846007193
0.1615302390004656
0.5619996627838011
0.04726697283101122
0.3077489839787797
0.47506613705053324
0.9814144373109092
0.8247880628461379
0.3752428180748778
0.4205986701371005
0.9475674143568331
0.4623703678555455
0.20708998697526415
0.5491281160750487
0.20488585385075875
0.2991698468442594
0.6218057193023541
0.2927559479695755
0.02224077977003014
0.8115470355168019
0.9768648458778221
0.5545009565448472
0.36448556450041836
0.8732903175141226
0.9591956155592952
0.4082870349238553
0.6926633417602479
0.40063239662636096
0.9887923619799914
0.835860520158142
0.05103516251266704
0.5256023631507498
0.023626552992907834
0.14354427992272867
0.8108920745852892
0.9642160855584954
0.8721751564475233
0.4820058134106727
0.48703456297102365
0.6390824126063405
0.16189795708065657
0.7946246997057042
0.3708928758150172
0.763748444135395
0.02625556575173027
0.48696578600349827
0.9443171970499548
0.1089529548054986
0.26931337387855425
0.609481964002232
0.895969606872777
0.12583144528380152
0.116665391046062
0.41343306342663266
0.6461943699755699
0.7475168159443231
0.09257943876699926
0.08510951212443996
0.8769787216534196
0.6153071189348974
0.5064823835321927
0.019514239820326074
0.10624718529677331
0.6449922710571876
0.3613254563956685
0.8918705338942766
-1.4152366291744563
1.2079457840409356
1.0059361442442634
0.5893129665187125
-1.3364069690813718
1.0688556617687888
1.272191069886439
0.2635327097586814
-0.10260356201218306
0.5156788730996332
-1.0777938028902658
-0.2900122408159472
0.8551116521734257
-0.2051805960178938
0.21698055059857696
0.00858945796462283
-1.007224592449774
-2.193992285832128
0.7133988245094475
1.846101256747254
1.9605744720827352
2.037772689358132
3.8411069254271992
-0.6011056211518689
-0.7457670846083749
-0.41958869177568914
2.882784528627641
-0.09826588514451577
-0.42537715529536874
4.070089390961494
4.256496880416875
-0.248218325337912
-0.26581610023447
-1.1503957936113658
-0.523329082983399
-0.1374936634932246
2.345111677787724
-0.6187417233787119
-0.8567192663228106
-1.790342388424212
-0.6918365381427802
-0.8917475844526266
4.187489679039336
-0.5647803768045979
-0.8028504985518611
-0.5293363966877505
-0.865325899029088
-0.5896246372101136
1.355136167852495
-0.6865791185654698
-1.3845355333064284
-1.1190232164166662
0.9802427680670626
-0.35065128878165425
-1.3200334123684723
-0.054579364731564876
1.704242882263278
0.6362193797190729
-0.9314806851694956
-1.2159614685398081
-1.6141330298713294
1.005509959953834
1.304401522160576
-0.8699496126940371
0.6308857853494438
-2.7857482188679454
-1.358593782429906
-1.8237929073819745
1.786359125547812
-1.9825843189254337
-0.46547976904522476
0.28739712437535675
0.03236928806533514
0.04031375062187551
0.8501291091130676
-0.6646107835990203
-1.6472052497553509
-1.5561265864178844
-0.2265396988053018
-0.6616254565988207
0.8848052294725508
0.8579341377203324
1.1013481941813332
0.10597948030805106
-1.8578960301998086
-1.9959401303677657
-1.4119018128982348
0.14474297909342657
0.6415524083702155
-1.9915522537519732
-0.6485234337748501
-2.063642370155019
-1.9744557136444607
-2.2740814699847447
1.609106404874148
-2.2388186259992806
-0.6351001933874236
0.49554448324289835
-0.30797363327458455
-0.33953876562631563
1.260730505936028
-0.7667507982030675
-1.3371658977929324
-1.3689278415904893
0.11015539263144807
-0.7234751329302844
1.4926728374174711
1.3066915088551918
1.2596812884473096
0.23602450612535247
-0.8556735709385134
-1.5381055609630787
-1.4615110710060542
0.5883490965274014
0.6912836613359992
-1.4274807013980555
-0.29484631635858394
-2.2120476404807046
-2.231925709463568
-2.5012234414535266
2.1705580863243927
-1.5081830456265313
-0.18740655279140617
-0.3045762704489217
-0.9440939908899258
-0.28292057984639574
0.9216944711442459
-1.1818993918508156
-1.3875056281284475
-1.341364070492314
-0.12257667272929132
-0.8791940611661822
0.07475651434316456
1.4862869427987602
1.2853325654888477
-0.4962973758360581
-0.7340595815358999
-2.519513355076017
-1.8631348726770864
0.363396001383456
0.7756193366712708
-1.2991583391401533
-0.8193748385829471
-2.8980100064457264
-2.45185314262564
-2.977285533652466
1.9898818640849663
-1.0451923171819182
-0.8398941124055725
-0.4582290183140128
-1.0635739881115887
-0.5013744068444401
0.506071829148817
-0.5126018053907827
-1.6390300773087152
-2.219373092596148
-0.36179688419510836
-0.8000460003390852
-0.3250744571118171
1.292875002671304
0.5883886274991372
-0.7460923189797367
-1.0539335386753688
-1.9502956138190326
-1.6799374581645463
0.2782175791717878
0.3633650276257604
-1.4537213201751684
-1.0396334214356433
-2.394988623272196
-2.7823074556894154
-2.7336506611566467
0.6295748976251262
-1.0596108644881925
-1.2321756833110422
-0.6062833811743076
-1.575958044936243
-1.1078619906608203
0.3390776965722154
-1.0665793158255714
-1.1981358736923071
-1.6776902966695155
-1.2027859149301912
-0.8296784816390164
0.16784682767351872
0.23642207451498934
0.19426733251248535
-0.4133631860179787
-0.9211981893975912
-2.087498634727001
-0.9380968513055905
0.08024206160279952
-0.20510014718585937
-0.7261798032782999
-0.4273591817230231
-1.6051394251691304
-2.278549077098497
-2.3369425172096365
0.07464679590490149
-1.2214713510042785
-0.7456520257069372
-0.5439852288891872
-0.4034525321133089
-0.7002176241656864
0.08343834049144411
-0.661950138664013
-0.8767832493910136
-0.9981515106597596
-0.9245046599736609
-0.39038318892357704
0.1550858985015754
0.6505865696266997
-0.2815609140219736
-0.7104907826975277
-1.1955998990553354
-1.5320454894696183
-0.7580564655700253
0.11836097798907788
0.28089905393865866
-0.9941855330867244
-0.8170180812973838
-1.234089171748697
-1.972287232867721
-1.7153676492643994
0.49337613553256754
-0.458066449487469
-0.1182093231746041
-0.6215868313558138
-0.9621211706440537
-0.4277036705806789
0.0880046257108106
-0.11619543667314823
-0.8491137585367619
-0.639489457627534
-0.8165115897272952
-0.45107420095758916
0.02325354587202302
0.00040743013502228623
-0.05901891450934936
0.1001367640589276
-0.5884734250369392
-1.0689334237105406
-0.2955000635399327
0.1389190729418399
-0.5311236680812064
-0.6397575361090424
-0.018010910394001545
-0.5627098856347355
-1.458215526860238
-0.9856271111588802
0.566548088975416
-0.16802528543748205
-0.6741328162090118
-0.20590278344330185
-0.29291363240237467
-0.5333132389952772
-0.1264914944736767
-0.3992326232772535
-0.4667134638955151
-0.24754763893477882
-0.7549321909810313
-0.7976818896075574
0.0900376109406158
0.049968009774173316
0.053684981433081425
-0.7279944071791745
0.0073608757725558485
-0.8393901949316045
-0.584323573619771
0.6049863947791034
-1.2877395051152438
0.1822064906044075
-0.4082786660689559
-0.17669150301729958
-1.105621049209669
-0.591694937103083
-0.18108913964274673
-0.33724631198717
-0.20688327039053073
-0.2593961715807848
-0.44088722098212557
-0.5200817317867842
0.3366911612267766
-0.08146714133195834
0.05311118431631478
-0.6415237265728617
-0.17739408705909743
0.0599115565014918
0.023225315247626718
0.35333350139267206
-0.4066163476300608
-0.1600808404889821
-0.425820437235513
-0.6130026937216438
0.2694467435098539
0.17243170261896618
-0.3777603987313157
-0.2752226092157457
-0.13066339154711543
0.144884925950279
-0.17852782679418747
-0.34405934372874886
0.4204402981664924
-0.12705084266093325
-0.5414376280916289
-0.2596454686154598
-0.278321647418712
-0.2618284199372794
0.22867930382263052
-0.3234882118717117
-0.5916577376186577
0.13259746486808302
-0.09195133113183938
-0.33481086606075156
-0.2630158033526802
0.04860252962244873
0.05793293420049265
-0.3797464193582707
-0.22171040990158128
-0.04639253221501301
0.06482057286337177
0.02451333391730726
0.07348747724395702
-0.08645491782837968
-0.07657666324458076
-0.42604673427161704
-0.36256954504985606
0.5872138253675884
0.13267124001434957
0.09388067114930101
0.25636384426363745
-0.3225824834557304
0.025602222863561418
-0.22692318797385208
0.4122286323358205
0.02558017109943187
-0.033289096659287136
-0.3078238175553634
0.30634465372115366
0.5764777249497142
-0.04735455317713754
0.5799394319511336
0.3009816577900943
-0.22516945630318158
0.47832447003027945
-0.08826357582918194
0.04014493575396559
-0.22522307502567712
-0.10166960277574229
0.29760128276275716
0.2564145465520025
0.026125292165373754
0.034968001545758486
-0.4689591515322731
0.07835609660408664
-0.2901762819643125
-0.3536737165890422
0.44313471878195665
-0.31902287180297545
-0.44496201166601673
0.06260121142371433
0.46581605941928256
-0.034376369443365064
0.30674628810254745
0.44954863120264743
0.11916009376941063
0.3236137530258019
0.12331646930573285
0.273982298676464
0.4733178061378114
0.4408226654247317
0.05836419137895727
0.6611917663423766
0.6200188117597409
0.5531116811709438
-0.0014301763899976663
0.8759967902223229
0.0762407038686334
0.47151848570308474
0.2334859955166658
0.06419260378058389
0.18992892364719904
0.17437035506941306
0.06255803928236833
0.13659115583290385
-0.1222417583561755
0.7471728228669033
0.7405900617783235
0.4679649042419909
0.7191794790998359
0.8504106389407232
0.31863751050290046
0.6133956852188864
0.4403313417318232
0.989374794209971
0.04498894861303093
0.951276893728562
0.17185134596174279
0.588808116953949
0.30456503113916544
0.6684207625230484
0.6684115338288159
0.21538148022703563
0.03979383811665563
0.8844015858666004
0.052215245776891295
0.3462258826574157
0.6806887462325046
0.7923577785649162
0.7230867603271252
0.2073347226689903
0.26133527371992893
0.0243643128544605
0.29467521630668614
0.7645615965489465
0.11097228125714442
0.5113055706472562
0.8629164522148618
0.47684590818763306
0.7450125595047501
0.4741105854313602
0.39904113921986384
0.4169995801634595
0.4040343239834687
0.09023859051076799
0.003054956044530631
0.38437677358852884
0.7160407190181837
0.022162607730559447
0.502135206042495
0.2558505545274077
0.9526211824998901
0.6235759948827684
0.8234111914765733
0.2982568120542485
0.17040026981740464
0.025277955522987096
0.11790737719599687
0.27159583325591585
0.8599866528378879
0.30499974032170896
0.20332957315854994
0.541978219244787
0.766798515888771
0.50748119866249
0.8085414041651036
0.19522205679291305
0.9071327757565107
0.9476968316881212
0.579665505655976
0.19988492644376443
0.5057364429751788
0.36880411805622015
0.9624273483320656
0.7810228300874604
0.0607464561043044
0.22521630072279297
0.8196236436671178
0.5886158706341053
0.9604055701446638
0.8711925845049171
0.43700132022605764
0.8333331306939443
0.31868623500449067
0.0426290687456653
0.2322959087987876
0.3007248598590131
0.3603721138903402
0.4148137439914127
0.7239083317323269
0.23427678573423738
0.20994911514107795
0.046836946553680536
0.26689259333656123
0.9638155032763673
0.6144127246720184
0.6956461213996974
0.18392667025320342
0.8993526452554215
0.8187675963394542
0.32251796996331417
0.4177191145334397
0.7234840012544357
0.3351110962114968
0.09046701685002367
0.4647403928309142
0.6519932281583144
0.5085074789814771
0.4527807937894204
0.41616448175118004
0.36816559542878946
0.9501361248887248
0.18358674793883156
0.6470528151313168
0.45621552454094616
0.8500707957817867
0.2874154220566806
0.13469448852112598
0.9326309421473
0.04003950132500789
0.748481511132858
0.1258795398616015
0.85387563965867
0.5901398249902161
0.7887370967812865
0.41017861842427195
0.4896892994138925
0.5667206956331661
0.814109787529468
0.9995163660108122
0.611831338333085
0.24537630750156014
0.8562563261795985
0.1273227086620543
0.7256953835747005
0.4544407810354477
-1.1333754590384941
0.3679141592525068
0.13001482389081606
0.4871340081021688
-1.3524734687604385
0.5852966961649695
1.1445559259468476
0.7849550395571763
-0.5123375924654203
1.7795390679666367
1.102306611637727
0.7927692977421584
0.7500697246066063
1.2980644705091406
-0.32261940599895284
-0.024628719372023624
2.446231396445328
0.8211671149346157
-0.8320473271246779
0.7033437412734029
0.27830037201609903
2.234421796134743
1.607594841702359
1.847131065740748
1.5315706666734015
0.9793378881935696
-3.6538594794594226
0.16659825727464705
-0.9424051708041942
-0.35192054699677827
-3.2913647208487538
0.2712452711113921
1.0532735095291699
-1.660167253332171
-3.9660994851688587
2.9151139665245824
1.6848285845949316
-1.5338169046963916
-0.06316492865173805
-1.5723509248086038
-3.3944888479904547
-0.25877464370316255
2.090717586076229
-1.9267916928061182
-0.5361928292912805
-0.43573409107460326
-3.36514390155501
0.4944440229303865
0.8511301365229511
0.8325580114624389
-0.5328315431312183
2.7755912440098127
-2.098138450221682
0.582004004694746
-0.14467743344319778
-0.1965513976310736
-2.5095058867846003
0.6602939609306681
0.31832001923621456
1.035273975833709
-2.5398399487529524
1.397447887595375
1.4302505445204214
-0.6654695158210876
-0.18490760085145005
-1.6082952165462265
-2.1869183986592606
-0.4155821986697588
1.8672896557097218
-1.1977092997446224
-1.0187096264051037
-0.6616049896362087
-1.4247836283140745
1.0953558792872382
0.8744884584460973
0.8986689804455246
-0.25014516251850105
1.4214256979339792
-1.193270729774981
0.8246875774325477
0.15017705348487814
0.27332759165434173
-1.9001221041119174
0.5099604454227319
-0.4010165390579809
-0.013949265398772807
-2.1178310179963873
2.5253654035849133
0.6691903192464534
-0.4839008358349751
0.08304666125801673
-1.1575313040291357
-1.2918900957189245
0.1891098727172248
2.3062837914999097
-0.9409708650254383
-0.6668835066056484
-0.4458007862540786
-0.9906296971033769
1.5987856348986715
0.7866171544612407
1.383276655250915
0.5312499629819584
1.275025071262293
-1.173111697372295
1.3262010795444925
-0.13712324448695
0.2712852143500639
-1.7101003787713933
0.8552677471930398
0.28145294767157536
-0.42129519748325855
-1.6349162012266774
2.395285111459014
0.5659692431975081
-0.3868828786328274
0.9021367659199389
-0.8108343559064275
-1.3670125796757226
0.12726059089116518
2.5995652713216906
-0.776150518422568
-0.5102893061358823
-0.09529282007128348
-0.7422116117315662
1.95745120071415
1.2970526834359413
2.6798033125016403
-0.010280478338097136
1.6750257171570022
-1.1892171502950668
1.9030075046785104
0.5623310532317907
0.02554328848902989
-1.198711652243598
1.1877232598734675
0.7122723664153859
0.392708878687887
-1.7555903839948916
2.577417418377177
2.032780744783392
-0.21991079217765075
1.1986854562528855
-0.6009348546855185
-0.6315723544129447
1.765339815943337
2.353814403667456
-0.21884527977662305
-0.2773327488255244
-0.37295114248036415
0.0076234357143789115
1.726269419778729
1.718791320852294
2.415331935990824
0.5187421599590032
1.8824473564589694
-1.0295556971137376
1.9979772195879457
0.4179210995678597
0.05912387124109107
-1.1994666608453028
2.092902088220488
0.3745113357597465
0.3792266292534866
-1.6867190174982896
2.702439320365239
1.682853820170592
-0.5741479107054507
1.331226795210462
-0.10802441293911025
-0.877454714383566
1.4219973458908717
2.5850212687691125
-0.05729619040395288
-0.22045433126060232
-0.7202944774800535
0.04483469130217731
2.406100179544836
2.0824313302515707
2.2382135394776963
0.6646976120584576
2.208726181184603
-0.5907148539002581
1.829078311747695
1.1754623136402527
0.024204871900428627
-1.4474493445599386
1.4336724331014112
0.17772417390000908
1.642160988655281
-0.9580040839990748
2.3863951042418075
1.4883492543585068
-0.5641082196636498
1.4047322768852433
-0.5526302180797251
-0.4287459181085527
1.0137145851387088
1.873811716949168
-0.41552510127217235
-0.1623831136482056
-0.3156942624113256
0.31326956058424943
2.290662730071477
1.9172232534402749
2.4858593940457756
0.3341707597231246
1.7131318739265315
-0.3272102799391236
1.1594918046017963
0.9393359982142784
0.9559346170837363
-1.2960905856979363
2.6975746749199976
0.31336152066067197
0.9197205051019314
-0.8345834832777588
2.3096501915583487
1.2318556975762915
-0.14856980806176143
1.2191928782840216
-0.2366844759242617
0.33648067831848816
0.7302204915616994
2.239278935681126
0.11553345997006802
-0.025232634674274623
-0.11416487929578935
-0.02081303489399532
2.1726588541341276
1.6306446658279856
1.925472199366571
0.4696904713690528
1.6323815276901759
-0.027192046816279795
1.4894851484395168
1.5259171720843667
0.8057783425600618
-1.0710399066661553
2.1059741595187322
0.19750592996214805
1.6220240592410076
-0.5508248431606253
1.7799285292670395
1.1454607836519717
-0.17142268119416548
1.0488821692826942
-0.33979177015263823
0.4901359644087322
1.6656395578095649
1.6411733921315865
1.0729651868630148
-0.019335414350142573
-0.159538248109602
0.5660907918534716
1.615144744229791
1.7847913509037387
1.6481012884143513
0.3925092640224621
1.702311671344203
0.24030893830851616
1.2415372810044494
0.8275839776288664
0.28988713088952967
-0.5454735202837778
1.818103424850957
0.16501331599057883
1.2364677923184035
-0.6003033290568178
1.2980061820656192
1.1414202374267597
-0.1307818243212234
1.3000736147328875
-0.9271543610303061
0.22570439407161927
1.1394060249243403
1.5823746277216109
0.4962161310961641
-0.0841139896400914
0.18917167668335386
0.8094665012949197
1.4876417127702617
1.6277973033568751
1.2920006922467677
0.22492034773555786
1.242978610888327
-0.31848360535480996
0.7211549884006453
0.05436600314314789
0.7635893754172983
-0.6974773141695351
1.6339518324904054
0.3058434704150156
0.901354800137427
-0.4604339168012469
1.2364778638922689
1.2019739202269637
-0.3706512850725356
0.6855251224560539
0.124451638007969
-0.03199121411592495
1.108398313228189
1.2562859647925313
0.7644363442780571
-0.31115227424020603
0.04007901070131577
0.8739120502239391
1.1535576963340526
0.9778739415415759
1.3499660323468199
0.1185337651049984
1.7192500175913425
0.43687063543990434
1.0291431281826622
0.4813489682257995
1.2686462911090783
-0.4084579031128791
0.5720444240522612
0.5516429229261005
1.1544049341903435
-0.21784438265240808
1.3015149279968268
1.5225154270588865
-0.14441704557551843
0.9700518130033868
-0.027393698090821178
0.2941480925335007
0.702305060267124
0.9265449298078234
0.3477478423477133
0.11365249329914326
0.7455698624952191
0.6062278968444741
1.1663172541244748
0.9040273785461505
0.9776530765293008
0.5428429535326332
1.3437046140271147
0.2856767969069106
0.474061856766212
0.8359011045984894
0.8890950607118725
0.38759857552833854
0.24820919085431611
0.10506715024031596
0.9965591111470828
0.5326521355234148
0.7029707335235105
0.5253020927806097
0.11315964459916444
1.1418510132763398
-0.005676214455711736
0.4725471047228367
0.8527908072596354
1.4563638370790166
0.47789242338856863
0.19366807111067857
-0.19075588627754908
0.6074582561255006
0.6723588857112319
0.9831068411293123
0.5478328813643529
0.35398853698757815
1.1709470395075325
0.7888300847069583
0.670657324533511
0.01614155510763467
0.3636947206180673
0.27307390631482703
1.270000405419788
0.6784866340025572
0.5877681369553645
0.4662441890834345
0.7520279911367205
0.7752694531851735
0.36326737086021893
0.5040784268584741
0.678156075607577
0.20754981252592833
0.3185007000824768
0.4658197889845527
0.42197822202773766
-0.42220715751032484
0.5472059151465906
0.6705004174170166
1.1079614370219277
0.9943407809007865
0.5311133208187738
0.17043866417117384
1.132965948885997
0.460828588472933
0.481637988286581
0.17713910569396374
0.4822634646870899
0.5929578030974898
0.7538751727863879
0.8593084214299562
0.9227740443607634
0.7532665996249801
0.7719346841869699
0.05199586898835462
0.523950577844474
0.2119560806638081
0.9239767835155631
0.21267670867729657
0.8040375558511481
0.35583115580117464
0.714479689434886
0.0029566151891686166
0.32620800683001494
0.3390479881143815
0.37173371840334324
0.7795201535994489
0.7362084140036351
0.09381935290871611
0.5720024313650612
0.6236859966761322
0.2229978640891801
0.33347805250676954
0.6341035656213723
0.7199585173082166
0.913739627382338
0.038737800844211745
0.5656150001292052
0.41802439008695
0.1984961636847039
0.01796203970057142
0.5939540127953489
0.4980745302107562
0.6229704062498207
0.9224937910710402
0.8087632612679707
0.42249598567809743
0.29463710259060316
0.7501964273590997
0.3736454306959459
0.49668051960975956
0.5956249892975956
0.027015838396584613
0.46828335712436153
0.3555093051983809
0.7328940763045878
0.23644527431189022
0.8530998109732444
0.16979807131905877
0.12612077235251296
0.5084929369989
0.30552046465843785
0.8606048723360971
0.32582061791110106
0.10562109458518798
0.041346536192863326
0.1991785598551571
0.11484887329651494
0.0670324675863152
0.10948879449723625
0.28272321609316786
0.10575944961158312
0.94245629034859
0.47760304064018366
0.005946701274794797
0.5583168576672218
0.3490640442894406
0.1803384807706927
0.6922230254665654
0.07719348928238967
0.12779199930917506
0.734026675031239
0.38291361609910013
0.5816916485973855
0.7625667499753789
0.5356238744099958
0.1686155742699026
0.0685022960977113
0.13365259909499416
0.23160374999716005
0.4546184643172947
0.049227852468547884
0.700152775351295
0.07208036802724993
0.9469305471685572
0.2506697854732255
0.35255351388561473
0.8302018053968806
0.1226907919821234
0.13420583833469246
0.7241855113877623
0.9397930598158949
0.566278278829521
0.5481960701842322
0.49288157719782444
0.06425220869776826
0.7014034262004735
0.7890236059814477
0.6535168524716672
0.6800890206862843
0.8558951110362035
0.6204697888000423
0.959019162080386
0.07640026266444733
0.8577851457616427
0.39631930897884804
0.46865846806104583
0.8393998576577102
0.9518780620999097
0.7332097650620504
0.39249435448390846
0.28511452382172464
0.18050607933307516
0.3786185778456981
0.6800031344561763
0.006847190962949501
0.26169584869585183
0.2967314720700409
0.06716921445718116
0.5407023963966773
0.1100023329810238
0.19999536739856205
0.3659344866229556
0.003557032279184691
-3.3011630764665174
-5.476926428241596
1.5381847775471587
