1.0533813491520962
0.792493873956541
0.9152764705648082
0.43502927863670987
1.4184019097874536
0.5235760925070209
0.42519871026458306
0.699186968221508
1.489060556167688
-0.7840498819229196
0.21105837033033736
0.8441206627736867
0.623298087353416
0.6197924126171277
1.1462880817743304
0.5325139371037457
-0.894214233743846
0.8348824509253359
1.271902602691433
0.434662611964541
1.2369575558682413
-0.11423005412424098
0.9360165893661235
-2.763768765640193
-1.5370227077778091
-1.7879086131835729
1.370767070820038
0.5017159887336787
0.9858938935205696
1.1637101010259567
1.3361982353652357
-0.08347547342680607
-0.37704082792580806
0.7116013571154434
1.0206670641045545
-1.9399010206553082
-0.20831823463818785
1.7845419597948107
0.6785247035223437
1.4917082307936378
2.008742224634484
1.0229632406652585
-0.4345072212090043
2.0006333163483125
0.9089205299929559
0.5220536277591327
1.0458917978845936
0.30226497113599504
0.48755702961375874
0.28977711540097323
0.8432418223105547
-1.8504515398040755
0.42900192900365464
0.3599064119161652
0.9785101803377487
1.3442011562007672
0.8780581339737884
0.28327162963806
1.01851383700424
0.2179302719696345
0.4247020983738145
-0.8472206120980158
-0.12737420142301348
0.796006422185658
0.7520011015274309
0.4513442716521
0.7172117958686492
0.6519865906180766
-0.30629335108307965
1.2088819661261703
1.2753730643693963
1.7834635893821071
-0.177794014690344
0.4324275310674789
0.003559077607068993
-0.5980696393413348
-0.4425586529088958
-0.7744935805109643
-0.02953496399439373
-0.1874524758102896
0.34493995146754414
0.7045422759069584
0.5805790021135694
-0.3703562811062462
0.048516961342430935
-0.2027699043437556
0.6626865323616905
-1.7884643291560607
0.9254250680185948
0.6416800758435707
0.5756052227380697
-0.2257956768002399
0.15278824097430788
0.4390175538104721
-1.1129031033430337
0.898334638141012
0.44169182048829586
1.0302526323320136
-0.06239717482646662
-0.6086966127572631
0.17448163558762567
-1.6997601251389531
-0.6489984040800744
-1.9850897634441718
-0.14011761189874058
-0.8233289682265649
-0.011631651828466084
0.7250072959806125
-0.20480505621868716
-0.3010965513407218
-0.6718383627634301
0.00627414518344982
-0.8837606679427641
-2.9359827149844366
0.4320841706538188
0.2751631659854091
0.42557028076731274
-0.263077684220707
0.2527359958621185
-0.09507883463181857
-2.4653453835684545
0.08247809664073905
0.4658778636807193
1.1669454931623686
-0.4740518043883187
-1.013865252656754
-0.4307859596590984
-1.860211429035045
-0.09160355291763857
-2.0908171002051006
-0.174947926262772
-0.3206629063952791
0.8563694090039562
1.1882367399839273
-0.3833478933109842
-0.00504342824045731
0.4410408141404788
-0.25600755170338585
0.10109152952135154
-2.463111852407344
-0.8909257115376843
0.7762778693726725
0.290806507065692
0.14938182766125296
-0.14095763528942806
-0.6461115930204256
-1.576436128811767
0.4584394714791299
0.7018656356111032
0.43786155115979175
-1.254121068204703
-0.2929619103185977
-0.16854310551966303
-1.480189336614361
0.8569735516506999
-2.3544601645485574
-0.47694232808982057
-1.114521170555191
1.0511448560870111
1.6992950076462192
-0.6009372072483081
-0.8930024435494512
0.5588766915142523
-0.24286393269276407
0.45010141936097653
-2.6001116486650746
-1.2396566581740354
1.1994769721266607
0.30893159100052037
-0.2784727516580146
0.614708440226575
-0.01475929375649471
-2.418692571422252
-0.0966670306910512
0.9441526473529451
0.9143184981900847
-0.5876505820530152
-0.7212776980256381
-1.2510811157230997
-1.7770208716866935
0.9634444334592148
-1.2818682980922498
0.4721569383320169
-0.6875542312081719
1.0688473113384556
2.071994492941194
-0.4340381292843915
-0.3777307507417001
0.5230003795430552
-0.6323329186621455
0.1105231436297942
-2.0038955392255753
-1.1750501187050262
1.074731531884947
-0.12316478146317472
0.3604904015636228
0.1718316602635674
-0.2654368453099757
-2.6821137120543805
0.3443615200505894
1.408634861534276
0.7191403264028919
-0.6765093534032436
-0.3321673473906853
-1.5698064775119291
-2.1121534614946893
0.9172382924718441
-1.1223291230945431
0.9966372196620198
-0.859685150740087
0.5989432408342954
1.841362048858159
0.19209008117612103
-1.5379821368707491
0.1956330219044748
0.1363675409217655
0.6028881573495685
-1.707485136294833
-0.64712860576859
0.9977829766067319
-0.41994523645987825
1.0876053922601123
0.09658179067721895
-0.45542246590724506
-2.2064860119014007
-0.6023448332307533
1.3315955636826615
0.471100926638781
-0.3867531100129933
-0.2690822219489024
-1.6571030274736214
-1.8752866036679188
0.853324113892241
-1.5870686863721817
0.21863372785138865
-1.2116956133541819
-0.03604452935997588
1.2918739914077477
-0.033102786201538864
-1.8523389068065919
0.35221371232015924
-0.6923579379248104
1.0192951109215522
-2.049537323271118
-1.5502697771865004
0.7279250314608875
-0.44105218758227593
0.4694431366589297
0.15881664114941227
-1.1179851191104606
-2.01617140324241
-0.6674674439402378
1.3236663661775168
0.6887587493374716
-0.9314795114938405
-0.8148624675917758
-1.7856588540076033
-1.9004988225865918
0.364355735884067
-1.2231967038469092
-0.3116417417236247
-1.6597218832158345
-0.28128605561247244
0.6178986176735158
0.505292122476337
-1.8149539277067106
0.026964701016340818
-1.118506859750762
0.45285873686512584
-1.8697765660988772
-1.7457821091107535
0.6120944524651724
-1.4344202652608462
-0.31688003427824385
-0.19872339647175766
-0.7409842386912603
-1.9534759131103183
-0.7121421154301133
0.9597604147690066
0.5213228107018891
-1.0909681995104745
-1.239000400013255
-1.4320444257971052
-1.7622134355607764
0.5576936867754563
-1.568494916142593
0.10756776958262264
-1.3854876699490846
0.07163040941185533
0.18656404508789928
0.3970749031960135
-1.1416357515027953
0.15511664771162545
-1.4487177626063388
0.5605087541783462
-1.6534868218234553
-1.3486924425359987
0.13292991914232832
-0.8157844062504853
-0.06276366030809297
-0.3474293996972706
-0.5353966093027178
-1.5184297560588564
-0.42001015737426856
0.7876497859365024
-0.6388046850832968
-1.152063279308078
-1.5170174652101784
-1.235565390611548
-1.4216066213411407
0.5855956578667909
-1.4550131733296108
-0.0011103804038883744
-0.6414717854324501
-0.2590359817404915
-0.5788460132332384
0.3455537607477877
-0.4924789310071122
-0.6312990875321399
-0.4054464357190946
-0.32547012710984297
-0.5350899349822514
-0.8600311554933456
0.42845492304163996
-1.1771444074451998
0.14115470166902142
0.6307972467105597
-0.5399534113422522
-0.7138139360320005
-0.028602352692144964
1.2202172655236458
-0.9247816315713369
-0.9884795218812478
-0.6461497286602261
-1.2668051639293791
-1.183797332330919
0.4529640174517897
-0.9751158385815056
-0.3713653595158752
-0.6414874477286993
0.09879886963035227
-0.22249908076048336
-0.6453547618602188
-0.5843438745150449
-0.5199353142687105
-1.0525537728974281
-0.1530980194072957
-0.3024018274405721
-0.6332772534746222
0.18628516484744853
-0.3616891919079245
0.16469296432298128
-0.1654990929274567
-0.3008978801314159
-0.7628545075806105
-0.48736871362807593
0.19883916266074397
-0.7206427764672747
-0.31861171528960647
-0.783837295093405
-0.6693209160506778
-0.0843868928505099
0.06084430913196606
-0.8753780998482493
-0.49955238841742045
-0.30555517080356365
-0.007329472777166939
-0.37632559102247926
-0.06740747504864908
0.2938370097668259
0.2840081936050217
-0.14238608915080295
0.013612430935476167
0.25393563001393504
0.2404426066317369
-0.016361008466848393
0.19052057849721493
0.6401102888082368
-0.29624610417903585
0.45125773342292735
0.009825191957168997
0.03612281566827391
0.367885947451477
0.011490077030941686
0.33364866150872896
-0.28685136456812427
0.3475678309315374
0.47353901192919934
0.10075406332838689
-0.48439941021071575
0.15049307061052677
0.9179564835562987
0.9101848063412153
0.18831996010129848
0.9497257696119163
0.4747128997795411
0.7171099104542271
0.3587650188820133
0.8376636567767778
0.961472239530222
0.6452715806320506
0.8988584887709715
0.8060497429278908
0.45286492439902754
0.6600836279556517
0.990993321570283
0.24962073671421103
0.46983666449208294
0.6493507177093384
0.21538131192687038
0.5384657432416263
0.39834046162792325
0.9497865636154699
0.11944299626508692
0.596241854247931
0.3012326278560553
0.6454058878452551
0.03947514246199191
0.38717583807132094
0.22996371724152687
0.10811032625247761
0.29023220482551126
0.4366324269855314
0.2750457740044744
0.7039230680508977
0.6116251497874374
0.58379424162086
0.18169516134016356
0.2854336764439652
0.8073591382503167
0.05465282815404515
0.05790332584457418
0.577877418909404
0.5741865057163025
0.059770749212874806
0.8455427293544506
0.9131448494755077
0.3057597168666003
0.9938361929131319
0.36986678475174994
0.8655487964286654
0.9480590116046944
0.5747146681268265
0.6576429271094484
0.6172289175366874
0.7653841873310809
0.4391784451089632
0.3759977089216242
0.0762606317843489
0.09566795406307638
0.39684804655369155
0.4344723966464604
0.18400535536117657
0.33544311003045857
0.515281596028493
0.22981034204048678
0.9584459166776089
0.19141511635823394
0.9786081570347879
0.42427739441038126
0.433726816498589
0.259653858212204
0.5427533097565665
0.7501129451626758
0.04342714343538734
0.512286042860931
0.1420580611122666
0.397249232085508
0.4926595438316089
0.7778212710773863
0.12072979778692694
0.39196810057523923
0.0739107878457258
0.10596737827392211
0.7983676107147399
0.57865493470924
0.3828334040588841
0.11991529726634187
0.4699139468280855
0.7168107409821831
0.383836984189748
0.8742189415787301
0.27195959034348194
0.30966506784958936
0.5706784772556281
0.08609974081867677
0.7468617744779875
0.1105858272154383
0.1464492401585641
0.20004344924627226
0.947690411601092
0.2517136343452824
0.6321885435171055
0.4281642034092321
0.023657819980221872
0.2341028315352155
0.47726608642948454
0.8918712733254263
0.8717100542126446
0.9328706932143181
0.9567187740235716
0.10795394482714471
0.7513382471358546
0.7347828486325152
0.5484157130966807
0.8280449006593951
0.7309827433069422
0.3024633731549321
0.48924627956201816
0.7231005760179752
0.0777988223878262
0.4190220895929938
0.42038436419765024
0.6341433507052529
0.044833356059219454
0.17201962380213953
0.6000644000937612
0.8199654872321199
0.47926180089135184
0.8972112656489141
-0.5060190560963833
0.4310743113011441
-0.3016169359070193
0.6798826941245247
-1.3694331724888091
0.43981538991671315
1.2875657233310538
0.3614568403965231
-1.2863377796903053
1.2520832248303952
1.7162082077692018
0.31478366863795704
-0.45486581214742666
0.10124852428321633
-1.4138470436211106
-0.33939282347665833
1.0298175694759208
-0.048476339844208516
0.3315834449416167
0.18162622092852654
-1.0280171836852396
-2.124546402185014
0.694159023336956
1.7857345941261435
2.2338832309009993
2.0734188622721943
3.293898422406221
-0.15597215388890265
-0.6219058801610899
-0.3040540780719491
2.8167096245579875
0.14640023399245974
-0.5238582273623398
3.927599664058086
4.043621884253117
-0.3101405785601313
-0.28188161976396425
-1.033501397955997
-0.7336873859244077
-0.21088230904817853
1.8832872353456658
-0.6731957056269215
-0.6023248243514027
-1.594234559687851
-0.6502056532681645
-0.9577155921888695
4.145822338898626
-0.679643573074174
-0.7572735085581006
-0.3982565597487531
-0.6996256073268143
-0.08796087050724881
1.5094782535258944
-0.1964528960404467
-1.0272028769037043
-0.6382173307282489
0.42834650668540714
-0.30647002335315626
-1.2494926019310997
0.010306286824631552
1.4377404291871456
0.4938604778584982
-0.5783626871581574
-1.197280235187797
-1.5442595791222578
1.175895568032016
1.1016318003992045
-0.7787190941247443
0.3247633875083577
-2.635098512312647
-0.8826111781428477
-2.176973626462554
1.452337764435552
-1.8035326314573745
0.12809137000624427
0.29579230032615295
0.4942886809033786
0.8321183625202219
0.43687751740827657
-0.1280134429283805
-1.902165065970035
-1.2381154289471594
-0.4392091604487038
-0.3937425324764665
1.413770008519185
1.055861806460113
0.5740586209997364
0.342814164472923
-1.5371935574701223
-1.8472065435423515
-1.4497572685128806
0.34065988142996456
0.3008625791204678
-1.6433108743323421
-0.842723477336606
-2.6200644424297406
-1.6754790445596746
-2.2875839229761437
1.4183871419051528
-1.9952131872417622
-0.2874077406647981
0.5942302284245105
0.2046430694316857
0.08296946588218455
1.2627980307254818
-0.4160461735073555
-0.8981448783801964
-0.8377571398660013
-0.17910665707628767
-0.20550281040087506
1.2908982612618676
1.6201988886092649
1.0933225945585157
0.5891221646924374
-1.1720400839373213
-1.5628098857677923
-1.4385565447848119
0.26108101025841135
0.7956017233967536
-1.1842952499376191
-0.16124348491744314
-1.7897377504661056
-1.9168968308085825
-2.0088501401115897
1.9235193691244934
-0.9617330186180407
0.1715548034539159
-0.21634591327236968
-0.4393447646091557
0.09982358979016098
0.9413462074719032
-1.2857360335056156
-1.467481334270069
-0.8144745930725593
-0.29122467629463145
-1.1550671494545697
0.1572712105079918
1.2760054156713627
1.0989705942159167
-0.11499058147037887
-0.5059280180555554
-2.3696146473816637
-1.2974868828024038
0.41083902798940786
0.8092807891911838
-1.5379802642011091
-0.9700274694245408
-2.661522592616835
-2.2594432747575692
-2.8627537289141114
1.6527854762473877
-1.2164015672337678
-1.0341822851295417
-0.4130670571794388
-0.724594781309195
-0.4380063105624078
0.43736069397513844
-0.6738878607721053
-1.5902072745554658
-1.5062428666107364
-0.8951050965720748
-0.6851570726634174
0.35114368011514907
1.3094072076608978
0.438068686645164
-0.8439475634247907
-1.0883108503109684
-1.3836360959497565
-1.5824026477701838
0.43926575759261305
0.3210579436008868
-1.242525652061118
-0.6656330170437649
-2.2959799458440378
-2.582129316848357
-2.480724913805066
0.9152244542350093
-0.5930455461234692
-1.1276947787281637
-1.1219935695516943
-1.6021513960868743
-0.8686050401035919
0.1522055863295903
-0.8407938159363841
-1.0318617686472167
-1.434090018946269
-1.1495266580796888
-0.9778186725165711
0.35543995604665124
0.3975637345543521
0.5673854142230523
-0.35104210384803586
-0.32463996539561096
-1.9028994158093209
-0.4912510462124765
0.06984358546592911
-0.3404684005521405
-0.9847434566610117
-0.24427328811975937
-1.731597749844089
-2.2303028484272365
-2.1148788901813442
0.2626576559400828
-0.7390778414386936
-0.7525162762260913
-1.150918702804583
-0.19607573525204589
-0.7354140896102748
-0.026545214835568525
-0.16467302997217906
-0.719691041940906
-0.708599197492397
-0.7295537027998942
-0.1816078997974694
0.44408239407443606
0.2820183227295252
-0.20504476768972832
-0.1269680840288488
-0.701969108458914
-1.3779255292452357
-0.6716374403763848
0.3950865486609979
0.29080525601258217
-1.1399274618758053
-0.4346779015330013
-1.2611880395737616
-1.5249949401163951
-1.2337783564040616
0.47655059621020507
-0.9486278688905541
-0.4556187703452897
-0.589358930924743
-0.562454693658462
-0.44488277695630585
0.16563392216341596
-0.059099442596398474
-0.7050063147851475
-0.4692544642067714
-0.6907190737428593
-0.5017811118389239
0.18291295320350945
0.22984525076696374
0.2596152459294403
-0.08941276237354069
-0.029310793457658416
-0.7151569863239458
-0.2533661312704977
0.2615817987265
-0.44560857872754667
-0.6031158935073397
-0.4647819093952868
-0.7012610649548822
-1.1289333569626288
-0.7718236245296908
0.44055032004587474
-0.5714627054242393
-0.5625518688851775
-0.398908838731456
-0.4652596613902716
-0.10730527738952142
0.04004411839561266
0.24536937957196758
-0.9078155697288215
-0.35169738410508183
-0.8969237212900077
-0.1275721545996936
0.2951537511513932
-0.10405588764205248
-0.41773037605369
-0.3022852716901588
-0.054389973757543925
-0.45480724629829644
-0.475834413120052
0.13534318584494245
-0.8192946580354312
-0.594243185998648
-0.37577804916499125
-0.4877757455852108
-0.9488077990978213
-0.4603279062156268
0.0014058650804069208
-0.4253527362142219
-0.2588799095512462
-0.49002570083502517
-0.48911296103801516
-0.3905209616715571
0.17486545130445913
0.25570869574821564
0.13656589258881224
-0.32111645196310895
-0.45724013419891907
0.01527184823720947
-0.12235283724313577
-0.24796611189522175
-0.08695665159213395
-0.18116736465386443
-0.3237520438116038
-0.5076431493342717
0.13412418938150603
-0.05815621831301473
-0.2720294032480517
-0.3226979578919033
-0.10631756707275081
-0.401275257922342
-0.3923539771201181
-0.6892075825045141
0.2292144494939976
-0.23018308982644906
-0.3270847498876399
-0.4917239095102436
-0.07194685039507415
0.02496690058177492
0.15541214673913273
-0.010142330909013859
0.0337808038433664
-0.024299653917344052
-0.3452061751243307
0.2772242912112986
0.22581006817975013
0.025585075563711854
-0.3738530669776653
-0.16712774573206246
0.451292098894941
-0.1642798473844654
-0.3493427872101557
-0.08117530742624589
0.11414446556948693
0.39376249426868465
0.06121010972860534
0.005780606168875643
-0.11636859464091559
0.20302638366456247
0.3916061657114257
-0.2014667705141984
0.3736739049664277
0.03483943773321671
-0.40991967648832855
-0.1161000282703155
-0.18563091780987062
-0.18350923398871763
0.06679879120139876
0.46113574161128557
-0.21930070207225769
0.5569282709008408
-0.004374231367670491
0.08978787914732099
0.08812461483974693
0.40605895362836836
-0.029382427114817176
0.04647684140109804
-0.15361548255660154
-0.5077227292441867
0.400465950883654
-0.027684043831310026
0.5134829961134291
0.5010771091004672
-0.2144395940105059
0.06166742166647817
0.03158672433750531
0.3518314477314066
-0.027977028704764182
0.2935764545567064
0.16799086746709593
0.11784933696227952
0.46036260226713865
0.6412887021315079
-0.1644500260476693
0.2420871000016337
0.40076598781105144
-0.052354324668847936
0.6169169726099433
-0.14493942089235332
0.21444641389647504
-0.10473775393389785
0.6618631013293034
0.36247416803137583
0.5544941235484951
0.2602231716545222
-0.13571625764745973
0.5175354681236185
0.5937540525858223
0.12553957854865744
-0.16011618391685573
0.0574764993733621
-0.0739936253886945
-0.046222992292495296
0.29733881806396256
-0.11002269442985783
0.5653692194944318
0.46203355843994637
0.7091013657244734
0.3401865124014195
0.8724640256313915
0.19137894407816203
0.8802400420683831
0.7171972186713068
0.8759933619289073
0.3420319881101288
0.39264615797340235
0.08022837496657709
0.6707499596154622
0.3910349349212345
0.24444976053462572
0.6536510456322338
0.5562703271456442
0.7979378942069556
0.5179641216638704
0.018350321416918725
0.16353661247953383
0.8162736683583318
0.37749419845193344
0.6875721455942722
0.6642628746250469
0.18877791735237537
0.1300970452370875
0.7832746120703526
0.4463695788057882
0.8861655851008631
0.6528401941253461
0.3962411831054876
0.20567138575997146
0.36865793259483814
0.22177011331582386
0.5201091095889475
0.988432975374474
0.1374265298343209
0.49882587194418604
0.14882648386616995
0.5341235386427824
0.146317694004049
0.5544309564831331
0.7041041005092172
0.41603148202465634
0.3122635887497194
0.11829685407500601
0.07445816644870773
0.7603098459144997
0.17590719364942786
0.3425727098513174
0.5704104865070433
0.3052487616095758
0.06839426983926589
0.9511707782111197
0.9470302879711134
0.1870308457105444
0.5233277728486921
0.2862648281384701
0.41194021501678946
0.8047395413761524
0.8389913371054364
0.5892549294568505
0.44210864017748874
0.6307480298556513
0.48650163697663407
0.21171252298429155
0.03932675887476478
0.5510644389648435
0.006786988291136442
0.5748448871146004
0.7255971279305355
0.45093325061654593
0.519709239198399
0.7014852773331425
0.31757835045165606
0.028748284436921234
0.544382740179151
0.8105267201830442
0.22223206929506978
0.27250721613804796
0.07787646642523094
0.19380689332616452
0.25779609427150363
0.9389637976257572
0.2565161228526489
0.762969080077322
0.4557450693664772
0.7641575417744407
0.18656663677152385
0.6064779745244824
0.5027325132961332
0.15359884610923602
0.18439826008216176
0.627773604277719
0.10631648795499626
0.30727423527385067
0.9500022310412091
0.46835910942857184
0.24655640444477334
0.09552313347277885
0.20068125500412093
0.6739321757525768
0.18580158993714824
0.717053012443808
0.7199085994438128
0.814789707442455
0.9585636624947408
0.8095222346742629
0.374246342442358
0.4285796348494333
0.39492934453136896
0.7657742748692462
0.5715609058468978
0.8429598883915844
0.2885987665773656
0.16533631699206086
0.20666697010270196
0.40088885748324143
0.39293951273210004
0.7631729383270466
0.8496710663855104
0.04547531731261267
0.04342353561480583
0.762283094505133
0.22430484147211016
0.2798969979258017
0.9918991421985728
0.7100227675890555
0.33113599222234014
0.81240711818169
0.35066138547077697
-1.4654737674768843
0.5875547065877064
-0.12434961647476402
0.3901582861341861
-1.2931267038873622
0.4766206936458837
0.4699328827655263
0.5844591824023556
-0.6217559138129749
1.2640891301631532
1.3825078511974935
1.02315733274023
0.5405889011052265
0.9535738818084598
-0.4025816920181592
-0.29810888275251013
2.2548426821526864
0.8504757061948126
-0.8693322008760498
0.21518443020463593
-0.22091606106281547
1.5641819750909278
1.2744246017002372
2.073704236225826
1.433911923744618
0.7439110781963734
-3.7234940111037282
0.29267282881944495
-0.41208567438413696
-0.3165183520751586
-3.3572601700823603
0.03544959047364972
1.0056560880919565
-1.8867423718398284
-3.7449879545881055
2.6034098203087623
1.4022918003053748
-1.066244052156434
-0.11858509546697506
-1.4353560616479821
-3.491322372203896
-0.12414910250692184
2.062983771593563
-2.011476673431798
-0.2669460547712574
-0.09380334006296275
-3.378236210531139
0.6819878465508638
0.7927159832282192
0.7996369305022542
-0.8335869774736899
2.7657833767775917
-2.110882991108743
0.8487665619268291
-0.14149472604949867
-0.19535259073105987
-2.2505019599741964
0.5239255338422721
0.7507975304183467
0.6236468802626317
-2.1457631941869324
1.426349817588658
1.710739417141084
-0.5238638753155935
-0.11372170541317532
-1.376251497459266
-1.65551572807759
-0.5272330669677773
2.099874766854761
-1.1475517079792321
-0.9619611610027856
-0.5666269490300878
-1.6906936286628418
0.7750079999715119
0.8849938084429515
1.0547719003539098
0.2306374266080402
1.32203260050564
-1.3887936655511248
0.8925461830311134
-0.1891190639485156
0.5882147227239066
-2.113183484212442
0.28879844072155525
-0.16925650948325882
-0.2564632688169255
-1.8952576416669764
2.381899486542694
0.7542013512049622
-0.6049483630246726
0.3622556033794763
-0.9776589950637599
-1.4177507510990386
0.10729313966326604
2.1903351796296118
-0.8586705989131196
-0.38592351527699037
-0.3034041338969583
-0.8975979445661287
1.6156100997103464
0.5234355693708939
1.2648913434853952
0.5483719586694987
1.5159233465263173
-0.9660999838052818
1.4997170515612213
0.39983696862471313
0.5710081567743893
-1.703875427971922
1.2988953388415003
0.3601865224426834
-0.2046075082406135
-1.508175667393847
2.345691559385755
0.7026043393585778
-0.5167837088438999
0.9577742237348923
-0.5979028757053624
-1.3118365055629428
0.5118428983563751
2.2627532505343813
-0.7166986412721935
-0.3790203602110455
-0.4994678535100871
-0.762721579800489
1.779606785382255
1.4169810141657209
1.99275947282141
0.20331025574109987
1.6179905562808878
-1.1423476822653476
1.3738217678708244
0.7171703892384144
-0.012530599603881375
-1.7360513168855758
1.2967040709253144
0.6498665669705844
0.2507855884087253
-1.506086977007688
2.4461439416342112
2.3462659267326442
-0.33130473467983473
1.2315173850485237
-0.510615067655656
-0.701620107422031
1.416901059867593
2.1763060093729707
-0.13228874855479003
-0.41120259586256275
-0.7195462976744438
-0.35389570230739
1.689256334723863
1.7617566867244097
2.5887592704522375
0.4942439578799426
1.8276503990745363
-0.9845462473649378
1.9435314835549082
0.5729794080330347
0.5975455258979481
-1.348609718288399
2.0263632081253404
0.4351003783507146
0.33300110454918425
-1.7385009703078496
2.8409754750082086
2.370164154345328
-0.2625124017492689
1.1159636875951955
0.09839394522302129
-0.9090126404286722
1.1775032155471052
2.49587517632998
-0.12769599955214678
-0.21866569431617608
-0.48638278590394407
-0.21664816411289753
2.4818842061683237
2.2436982474782408
2.1549061007053854
1.0372868099112582
1.5951655259775859
-0.6591656445000087
1.6986815850758707
1.4809643470416116
0.17161606693830822
-0.9469503175987893
0.9724328127231279
0.23261471867172379
1.2003196564919376
-1.1730362798731404
1.9799245592293804
1.5509957678542987
-0.31427775267873886
1.1592854070981606
-0.5661215978004832
-0.5090126275193387
0.8794585864846153
1.883575233329297
-0.16795896770451127
-0.2882065041992667
-0.6397881721388077
0.34826131564674256
2.1655164417511377
1.9601921292987965
1.952500086368072
0.5435109889933231
1.9256333168537079
0.06391216306230575
1.3585414158623113
0.8815044696817547
1.1067086497816978
-1.1692467393242545
2.171405577709628
0.5198556704524323
0.9848694268862577
-0.7751890273396154
2.1726877212584155
1.496193253003163
-0.048881904459004616
1.2379009433044466
-0.42419262203207053
0.20194696720848052
1.3512405668483907
2.221237971051809
0.5706031710443046
-0.10723896176688257
-0.00418629043256473
0.2755981290952873
1.9324502835582897
1.9074829546978527
2.2873490173386335
0.7585544798028229
1.8675963882122482
-0.0859074619755876
1.1790779477799538
1.3756139858941072
0.9299853536428699
-0.5123910135586458
2.235435076546702
0.29283260989252513
1.036519812024685
-0.7308163354484553
1.4143201317837257
1.1388337104563488
-0.04278221229182043
1.0635194559493013
-0.712751951311581
0.16554242121926616
1.3903036841641632
1.5247632510219598
0.9326740090942451
0.13535612710354997
-0.09165140166480669
0.44924079263561195
1.4670332168400475
1.8908243483292926
1.8292560351027929
0.29337499185927984
1.4507425118672164
0.3280226714134638
1.1703596937178768
1.049933846493976
0.6097061731522727
-0.5173832366730599
1.3414546480046043
0.3793570880040274
0.9282531090973075
-0.5067385029953773
1.3700638273547787
1.5126369040453889
-0.35729327149859025
1.2460597870475787
-0.733692350292879
0.5200731496906713
0.8485416816222935
1.1047117681553655
0.5841402787328827
0.0014555302661994484
0.34409941126065074
0.29623206500579236
1.4399030033283289
1.3762843396063102
1.459660792867248
0.4046363367552076
0.7510464678316625
-0.20296879021083303
1.2261539998785331
0.7091015220736174
0.9457708562127123
-0.5877557821888355
1.5918428091688879
0.3583767452887992
0.7142762172859357
-0.35339659043595695
1.0900186692037648
1.1464739800990071
-0.35379930130673676
0.815898800756599
0.126125255135854
0.26894210407320984
0.8732858964650009
1.2968434032187321
0.6960969506914572
-0.24184317167925823
0.18522449296019317
0.747056397134571
1.4589537519732019
0.8954863807206094
1.9144169462762426
0.29841734957751653
1.204093885202087
-0.2598843503914646
1.035432897393905
0.4077545947010115
0.9012166872965668
-0.1624685484364367
0.8720609078288598
0.7599768739239579
1.0162191969300718
0.04635178430687318
0.7739510096759831
0.833216508706532
-0.2623161159808763
1.291548843167489
0.0008039196257937488
0.4461480506655119
0.7825586926613345
1.0103700681912493
0.06564141306098345
-0.1986099543483803
0.4268624947793861
0.706483247046154
1.2082872413713188
0.5615928619976326
0.8732244619993171
0.6035348802137332
0.93599261768585
0.21788414645505566
1.2743175729162994
0.4642386059228472
0.35833738971545676
0.14807636896995902
0.8423580137098023
0.20899944711317678
0.9161315033053575
0.8341584480054
1.0580722062806134
0.5394294322260287
0.7431404289855941
0.3490447736211915
0.3020008439788792
0.5039448624274183
0.6958566524925498
1.41840720312136
0.9218460133515128
0.14361529568108747
0.21920209804788265
0.6920681978308902
0.9144121447424516
0.7606715696684713
0.12886437172266285
0.5610734569132618
0.7439989627653703
1.0750189862441724
0.38175153453331895
-0.0012680676695166274
0.18099971013762925
0.4142136885276012
0.7154465465537923
0.4257598873856811
0.5856070820844165
0.6206510454506999
0.5031655438530173
0.8910250549784536
0.7654585408400221
0.16165479941888805
0.5878227839049617
0.5781638242268898
0.49455221180502207
0.19491479581217555
0.737370297777422
0.18947378023744657
0.44352118517191047
0.6970372342528414
0.9099806587866218
0.5973270072522622
0.989798576181276
0.43411081385790595
0.8872053943660884
-0.024431701075427262
0.9819382444575814
0.838138623121815
0.9521316339423918
0.27478306637609995
0.8843982714179915
-0.013553504151398757
0.4414189130445606
0.07695530200901703
0.29376325892468214
0.19367129145371986
0.33391233484116234
0.9027256296439171
0.17880642924256634
0.8855439066890614
0.1903094418934556
0.6564777807816896
0.027600926298146478
0.47597328030825725
0.892023025299343
0.33470958038370935
0.7914333441855377
0.6213785272853258
0.11508823155938264
0.03538159861588203
0.7616054868528997
0.04789521349897263
0.7773801046582677
0.8651002151271788
0.033905225341577805
0.947121527286541
0.38272981804260175
0.5802267432842068
0.2331198513651851
0.4219559798694993
0.6441747883991612
0.7466938054748616
0.7340126541759994
0.17567187325303968
0.021823574237016176
0.3300641673146527
0.6475381211291907
0.8664114037112236
0.6756743785605115
0.9579304300680137
0.15616167243727608
0.14338146753407954
0.1045549436542691
0.451646375637326
0.6488484103731913
0.6376009923144668
0.33400398318581825
0.7149452221308348
0.765441837602392
0.8664875674389049
0.5372375723013436
0.5735445386789988
0.07121149202211885
-0.0545179256808031
0.35196861362011056
0.535390830911313
0.3171748822858055
0.7791853177885051
0.0721966557151631
0.6576324134991623
0.902297384597161
0.13758245636911826
0.638197454997592
0.5983013025831142
0.7428582984973235
0.42827562028896604
0.21214600814833007
0.06415714862939992
0.39380148643573265
0.2861625898574639
0.7502294018877597
0.5429218219811563
0.07909862854597527
0.19258248265407796
0.023905197271690493
0.9755098351569736
0.6657167404411143
0.09749048339207878
0.5816326179984174
0.11074755006632575
0.5456793484103738
0.8314435973320986
0.29545718384053543
0.8208033513405529
0.20961663819590892
0.8309787676527042
0.09753819969801802
0.784731799871303
0.9460472326443862
0.9433308952915165
0.8926838350946741
0.08680276144842769
0.4646578804702717
0.7668049930083346
0.5659100533273633
0.65585328103995
0.8925026897336219
0.8332757325652683
0.13597782528585367
0.8530136387577911
0.49205586683608493
0.8913402890672224
0.06437406349820951
0.04170832750512632
0.6368384715641324
0.39392898136775256
0.6316256435274477
0.8697196578373361
0.11072918135713383
0.5328947561581864
0.01211340995679544
0.6631159554248278
0.38719180284236376
0.178314849703877
0.6509178351149255
0.10041259575742123
0.12498265244052553
0.16625334502793732
0.8310530446886494
0.9027997993269128
0.9344905309638897
0.9886480453961519
0.05336745272089605
0.037826899817167026
0.12296715108156697
1.7604418604600562
0.19504910298532532
0.8277480470534161
0.6786478175255768
1.5998231862583052
0.7901511398785589
0.6301494653236096
0.1931064410166264
0.8463997609592765
0.3286533498702574
-0.8949776319483701
0.3103718536365321
0.8773198300387893
0.11701115724011094
0.8776549524118245
0.9401199662475813
-0.22722849412369503
0.584907623354903
0.6731831991546929
0.9858283912620374
0.25231113064880323
1.54327898129493
-1.7124003438605095
-1.3193800414848647
-1.5195992396949618
-1.1600981758560138
1.2589575770832815
0.13473053075686028
0.7091330513298133
-0.603518252189913
1.443563923388915
0.6215063975331911
0.5452495567997186
-0.39913502266094836
1.2970806988366115
-0.19822798447405485
-0.4872705420409952
0.4732253997586221
0.3990891715701763
0.5152464314413447
1.2899935041595432
0.48423496266041716
-0.6238221138526685
1.13552817547122
0.6147737196579068
1.093989583175133
0.43801343410358234
0.32114654199762044
-0.8037392624200247
-0.6865572406387017
0.34964694418018777
-0.5055703669979505
0.6813541344752759
0.1346383178129329
0.6830896168160308
-0.2620053859757301
1.207350159716502
0.5397286817349124
-0.057783515240279956
-0.3212473131178841
1.00683472996868
0.10109905462806947
-0.6888626836592318
0.8131646853436428
0.7146018285999712
0.5050498891313107
0.44911691122359865
0.7310215707644361
-0.5242701395900293
0.7139767118079847
0.34711367627013107
0.25063168626742005
1.6657545290034017
0.5706019165497377
-1.1857432627177114
0.10085760305010974
0.5480642604812435
-0.8529533283219067
1.4327532412265738
-0.11554617891015198
0.6742281020937098
-0.016721042490896905
0.8897436244987156
0.7899422654188872
-0.42963442378274236
0.26244556525741475
0.5204754087947259
-1.5654044714290833
-1.2355008820897313
0.40514055916527564
0.17053154989965918
0.607649007591622
1.0541857790869467
0.16496855213035277
0.38403628100659054
0.4512354500932108
0.7229882527546341
0.24924384579479741
0.49078711682472803
0.4464960628591774
-1.2847326417237035
-0.5894211403659819
-0.7492360419469246
-0.7462614986607001
0.02307740361985318
-0.4022566010958163
-0.2509458504468232
-1.2594874637495475
1.059063828232818
-0.7433310326038333
-0.21836177656544195
-1.1737186672711715
1.0980123029233657
-1.477868304896504
-1.532838838124857
0.029215759066568956
-0.973101736725246
0.1864159817286728
0.036685539651671054
-0.3727796426221317
0.14900419299404125
0.24469361785827834
-0.10358867624134144
-0.4119483217044054
-0.011036716447452705
-0.16479679869711017
-1.8191154546263058
-0.5912599805609065
-0.6427255704580274
0.1499468256441785
-0.25520464826892386
-0.9784101474113063
-1.1782020981280243
-1.518360574305952
1.218563682771649
-1.064246814963088
-1.4788675188612959
-1.1979448433815292
0.04948894150822312
-0.8925546141835072
-1.3570335702974312
-0.4701209313751555
-0.6541333671045741
-0.2653448426003838
-0.5573898592278911
-1.244749530711173
-0.08148729888980524
-0.20179250083379205
-0.2054395887562805
-0.22614608441581313
0.6103485641782179
-1.2672420040363097
-1.8903698469854164
-0.8266168460731698
-1.604775181368306
0.7203348110971034
0.16153584641616922
-1.2276394183568935
-1.323067820793342
-2.421960640482382
1.269835084363481
-0.766406883706436
-2.1416801800725693
-1.1976786834455786
0.21986720091712741
-0.7524734632926476
-0.9922704690059618
-0.32180797911986275
-0.6688005823238334
-0.14468573928800746
-0.9635660932840628
-0.8327410983045148
0.2327445178388591
0.3973399288197387
-0.3726423904377595
-0.1019835618346004
0.40849946004720317
-1.886245270798149
-0.6031005205975409
0.5279076749506566
-1.7894897928618108
0.7521272431842098
-0.5465835868787917
-0.7934495467895766
-2.053899546276592
-3.494559136671455
1.2404282609473705
-0.899928618366116
-2.093767138379526
-0.9205402860226688
0.4578623626656919
-0.6061866363751196
-0.32398717582273834
-0.5361895777956148
-0.6103933735903742
-0.5053674351732688
-0.8641542454651321
-0.39765731259252884
0.4544174526787839
0.1328361568360903
-0.9934954107114309
-0.315550158496268
0.3255008322101017
-1.7539840559443216
-0.5684586888289076
0.7524988554735598
-2.309485126052614
0.06609802138096631
-1.4747790300422345
-0.7078451397698796
-1.7259402718587036
-3.467267598345556
1.1792151792962466
-0.6275181513210291
-1.9826204904238465
-0.5731867651076911
-0.1363616416484121
-0.5789866334522629
-0.7386049129032525
-0.6544271383068835
-0.5096704809134874
-1.3865241076783954
-0.9044285354270888
-0.3783103218545291
-0.4162784581006905
0.7171082659544907
-1.7121883079719296
0.02798041309734161
0.707801852341812
-1.9851006330755372
-0.1808421393403353
-0.18842624474037623
-2.2149372600346555
0.13901979721066582
-0.7054027137268137
-0.0860287527734109
-1.3706003595411191
-2.830604969354665
1.1580055162988687
-0.4861607634829058
-1.5140694061742892
-0.5108143849408221
-1.0648798351149493
-0.4241945231472235
-0.26834288681270957
-0.8835713695830086
-0.7723403359821864
-0.461081392001606
-0.23621310430722067
-0.6715537611268465
-0.4007350714846474
0.3409674736660141
-1.7643743309291373
-0.2729237189841582
-0.030003733602718966
-0.8222617444736985
-0.10594641854677171
-0.401798816373586
-1.7437152352194392
-0.15834758871145982
-1.0260931232740262
-0.29400920990018653
-0.7627301075759214
-1.8715019894918232
0.3304862093647858
-0.30797655213786096
-0.9013906417671492
-0.3037170768755983
-0.21304920855904455
-0.29336100783735736
-0.15513728516492103
-1.0366914442953468
-0.03992806219470685
-0.24979115625943465
-0.7427869746292485
-0.13241078139418233
-0.04095857403582325
0.13689978204563505
-1.3815387497883906
-0.9719115664613299
-0.01902923545736604
-0.11282574242059995
-0.3170655739398822
0.1376541767039934
-1.0813392124839927
0.017066553583324845
-0.49178798121412287
0.24057303495398746
-0.6539356136979919
-1.0537019004798729
0.46430971525333
-0.21878108245331776
-0.39469588908356923
-0.1528213740858282
-0.5213010042363901
0.2733438105923445
-0.5017172996234315
-0.3653392578042356
-0.28592362671350174
0.03327645211759335
-0.18796366544347526
0.11106763355169627
-0.3914443252618997
-0.30646843803616575
-1.2618499034102437
0.3243626094950714
-0.1932715457269257
-0.11632433571608246
-0.17553205236413072
-0.11846974976144761
-0.7553495807655709
-0.02755098446851013
-0.3890524662219426
-0.1522142648030608
-0.3386772522152667
-0.5185202821748537
-0.5439645917981835
0.21687691553861807
-0.35505134781581704
-0.3518158927227239
-0.5738266232555315
-0.10678793912290459
-0.06345359432137347
-0.20729354828838015
-0.12163260657047292
-0.4011608158461002
0.06314265552820102
-0.017419118706017638
0.17453491895884482
0.11926441738391773
-0.5770395770302492
0.4962757145970253
-0.5066293833878913
0.09633032017318421
-0.02910355701072614
-0.012555860994995737
-0.4313427770563633
-0.2516585702226715
0.022075563427846775
0.4043431799657121
-0.2971199005955409
-0.26248331761094146
-0.008758198946193022
0.1344578968380091
0.3883189510514862
0.3975589109345477
-0.36007151183450053
0.6412712370116966
0.26443181846583835
0.3004915193458161
0.35935281317872814
-0.45059813128505916
0.40570915938362145
0.6583675473071909
0.5181536678152879
-0.0607048760231529
-0.37156166969531707
0.22981251767617838
0.4530306095367684
-0.0687977771427525
0.6109967518281779
0.4726948429728899
0.1940131049004253
0.13225971221483881
0.15084045683266503
0.6684878318311106
0.5266769834367417
0.35373276141951426
0.47628655022611477
0.3821292875045788
0.03536905278726941
-0.09348098497015289
0.5094827853095172
0.16625508213447027
0.14749044279989
0.5411384047235037
0.943209701760786
0.04475441517087046
-0.22913707699854574
0.30620151338352025
0.3212097681623313
0.39621010439196525
-0.2699289471210874
0.15766802900269447
0.44214482661401205
0.3891459392667517
0.6252376663932823
-0.06954252297516723
-0.17147858976471983
0.049894744499518306
0.8088624704113457
0.41912798804776097
0.3811269231434309
0.007345580863331924
0.4293999060853802
0.8458795304988789
0.45510356860265666
0.8796056317845355
0.28485057605539166
0.8254154233550884
0.3631118648128082
0.754797268880539
0.19707428561315485
0.6227991412487938
0.6759140542231028
0.8776158256083808
0.600742310463799
0.8184547874453956
0.32227301201597686
0.4661283896567032
0.21265929820132423
0.10068615038090079
0.34618973392120955
0.13622333154357658
0.8137650514206638
0.9789712715920751
0.8544023115316629
0.6856045181730805
0.26901612634757055
0.7385195745545146
0.17936273151809387
0.3920305492789927
0.5935040479483682
0.8499255207336315
0.722762748160142
0.030603023991329636
0.7302847800835208
0.6585367972744621
0.7253483308511718
0.5173911664618329
0.3015225201957522
0.9411335776069049
0.8338689082941567
0.4474832566371236
0.7018823831495851
0.3337219860516162
0.3286409253323489
0.7970078377996427
0.7074767719475897
0.32592586776138355
0.2626095227892363
0.7456049555701346
0.18833721585671304
0.4063819579384357
0.970608241753405
0.015249783392685679
0.10265828157858103
0.332707882252693
0.6497176799047467
0.6495609440946717
0.5813315775920092
0.7880632959403532
0.17969096360245218
0.4691704393082795
0.952724498969337
0.8511243928418815
0.5042969100514849
0.7979142190258475
0.2441915204320323
0.17687824786066286
0.18997703064345756
0.9727057906916582
0.5707720967492925
0.10091141995502706
0.2590253729957681
0.8059469315643348
0.292444455802505
0.4279712074509583
0.2741981238693405
0.030811080914299405
0.8894366439546784
0.48700756677401247
0.1226825272702019
0.9432492924151581
0.5705287553824632
0.9750657906155059
0.5790812785644478
0.7361710743801948
0.007591268933378026
0.24622137698463664
0.5335826062121721
0.7123108511287838
0.7741760405045242
0.004495030060706728
0.44110114624961105
0.8462513440774853
0.08913687273930393
0.7489980414832368
0.13643507308332348
0.32946033269643926
0.684241837370319
0.11547649170024588
0.4491279953007745
0.9563072195261155
0.9842077641312151
0.3265198650087152
0.36436867681986784
0.5015891341527455
0.25536075129503
0.7265481376474257
0.041074546927037936
0.9044214810103857
0.7017027080002886
0.8337699858785936
0.08233071776268863
0.4557741778045883
0.5894518481044089
0.22756359656550174
0.16821658401081419
0.19988234568339247
0.21259063516298926
0.6997291231151844
0.3917933884323538
0.5384172933586602
0.23241750857574617
0.22893264540976743
0.7351884948968966
0.2184426480287438
0.26397779293145807
0.033564464113003734
-3.0767908408705873
-4.777321150030055
1.2482135154695244
-4.455902023309342
